"GMT_0" "GMT_1" "GMT_12" "GMT_13" "GMT_14" "GMT_15" "GMT_16" "GMT_17" "GMT_18" "GMT_19" "GMT_20" "GMT_21" "GMT_22" "GMT_23"
4030.672252385 5628.18498832215 9587.46895688947 10022.3751119406 4566.79031775118 2522.24861210526 1790.55605514048 1661.2329824886 1779.18389728415 2130.30656619506 2449.82979064236 2731.98251527342 2956.91884070288 3098.74767311828
6059.87886156541 6689.29034782801 7462.82284707832 7784.04820674716 6508.57026215177 5353.01079883093 4683.66850761828 4460.07517721737 4407.95381046896 4483.87449968028 4600.07220387762 4723.44909929313 4935.03580041634 5205.58425753457
5159.70054642178 5574.64455582099 6170.53180650513 6415.39151806104 5316.21179605834 4396.32489166515 3905.02297440117 3803.20538148154 3838.53829644111 3965.7712629127 4110.64381082182 4245.44210394966 4418.39976845667 4606.43039838773
4042.52825063679 4166.48792438379 4327.36712062972 4507.24119229916 4208.00464926898 3898.23659769055 3691.94012834873 3628.74783096151 3620.45850807022 3652.79871444014 3698.17077024228 3738.23935532461 3794.30828652336 3857.56672838876
3763.29923504791 3911.27356155367 4093.25706735457 4276.14284836895 3992.96345881117 3683.21372193107 3458.28455737946 3364.32545101631 3326.11923873432 3333.77748049538 3360.68183705653 3391.01403415059 3449.04477158183 3526.81773353247
20521.5586424768 24516.1346282033 29955.745640711 30799.5821891556 21826.0170698027 15718.9930951992 13177.5151568099 12645.3320988052 12500.8856498688 12505.8429471167 12697.4689890883 13130.5760724941 14264.0184517357 15950.9175011993
2706.63782578429 3125.54527411606 3895.95278400671 4126.84699894489 3033.43232154508 2292.76625064925 1877.7349465133 1738.17453171338 1693.23439230006 1727.90001901855 1782.87387070601 1849.15428820864 1970.95091699433 2139.07387915846
8233.63489200994 9072.03931194096 10286.2829527094 10544.6913688487 8119.32755019195 6344.52075558423 5561.63166760102 5493.88421941084 5668.42296705752 5978.08420162024 6296.9600312548 6596.1671626423 6936.91095280135 7277.31263515102
4967.19053531719 5457.10360787268 6272.05982567518 6500.61913044122 5018.66925406941 3933.72256471289 3385.06547120434 3273.04327150855 3322.54138607191 3489.13530978244 3676.21106044178 3856.77048907165 4078.91734028168 4311.03425415206
4359.17050004266 4685.98053180965 5516.94373239342 5603.24931189589 3865.31760292528 2900.45474319482 2517.13240925916 2560.33053741377 2748.86522208587 3026.92229477304 3306.85856948435 3571.12663370282 3811.54417252425 3983.77227946114
3222.46224204555 3433.29610198313 3751.86225531485 3923.79016523836 3399.33359321168 2932.41258900834 2640.12435376425 2550.59556929218 2534.08765772687 2575.71143978742 2634.42249994011 2692.83562639928 2783.78163886682 2893.81466514454
7497.01609547975 8205.19869703697 9785.91454970313 9616.80444959279 6289.11000456687 4580.34620626366 4043.99435233343 4106.64383742035 4233.60195605787 4359.74012966368 4594.69904905358 4998.24855762058 5617.22709473397 6303.34291874429
7659.18585583562 8532.14832050244 9572.98963382906 9982.73129794581 8279.96298902868 6725.87713784 5861.40810863761 5589.17139203457 5530.33601585473 5630.0856400328 5779.80754303785 5932.0234766619 6194.68276414933 6536.90473872552
4549.156825168 4924.48071943458 5666.59268742641 5829.29219180484 4351.3208312416 3404.12440069427 3017.62201109651 3021.11048550755 3097.6818793569 3203.52634672656 3334.50869700964 3505.97939320411 3751.24630924253 4006.98334591057
3711.46185883382 3979.94245286504 4347.58253971344 4546.18712252195 3977.6598086647 3440.42036400354 3085.67979168438 2949.63852302213 2902.1920853689 2925.68156694669 2975.22098705467 3033.5083902014 3139.95710104392 3280.49249225443
4599.28306281751 4891.72634414801 5303.24393894858 5510.53689664059 4731.75045683438 4047.8043066113 3650.31002435728 3553.50871997648 3567.94601319835 3661.95836533896 3777.04023520524 3884.74809841489 4023.43577436853 4173.78565271227
4149.41110067193 4779.75428640774 5923.15696367598 6192.81314864106 4325.40857925597 3140.87728812442 2601.80603259845 2497.50665488438 2538.7185340111 2672.91169700165 2816.66567370493 2959.60301715293 3163.65765897169 3404.21494191951
6520.4532675359 8520.96716309531 11713.5710136057 12384.7104503431 7978.67112689735 5242.54316224652 4019.17535826903 3606.89169373914 3448.36205155641 3493.26510791593 3595.44947401121 3736.72015088419 4063.52111713511 4572.17199942583
2328.2255283219 2946.48049373529 4101.12190881016 4320.94411197524 2609.9325142362 1759.2072656549 1351.37058050858 1255.3816079675 1252.1465731452 1308.04289163578 1363.93240475799 1420.18157398244 1540.14736545755 1712.70654027127
25663.500130193 28166.9532504451 31607.6191516802 31983.3827479301 24533.7100778715 19447.1083045 17396.2989539865 16707.3637490905 15872.8439084481 15567.6755053903 15930.028498925 16674.4620953085 18323.5858973982 20809.8437924963
3658.60476625382 3990.52943532852 4514.4550147481 4716.74132858377 3845.58940441336 3143.99104497116 2739.73212004808 2625.52241727055 2615.11662476835 2695.95801265736 2816.71300483451 2952.28792587939 3096.26632594828 3221.4794747343
6455.43251891655 8225.64736665574 10897.0407764263 10985.913818658 6478.44585439496 4284.27111612956 3465.07764041175 3212.75149857683 2965.48841684908 2874.4429748231 2829.32073466464 2931.06074487997 3195.1698366668 3686.64229158861
9417.49176873709 10547.6114816442 12397.8236027901 12323.5999555585 8166.66590783065 5944.09310465366 5130.60851396194 4876.58750944965 4624.33137145554 4641.44359100671 4843.22408686266 5175.63872427213 5773.60044046171 6703.00535541068
3124.54258631195 4737.94383998283 8485.76792538127 8752.61754976757 3783.87364240571 2111.66749043327 1450.56630750085 1346.81375469589 1354.01847961139 1451.44782022248 1536.36348166639 1605.01225118089 1751.23011017222 1976.66405621208
13032.1191141145 13843.7612485397 14860.1157914828 15336.5296776381 13172.4351301909 11254.7735785729 10356.8892752101 10293.8930461163 10477.7334609197 10798.1260338718 11144.9810730312 11455.5579959717 11810.1314484811 12142.7468364848
4823.39894916096 5342.33864290117 6045.24114702846 6335.0657533561 5234.15289226576 4274.8977405068 3717.27347387186 3534.12610640276 3491.74981287069 3551.77971740096 3642.82941097325 3738.62530650402 3904.15923273566 4121.33172893802
4534.07161364649 4890.91792025927 5370.62154960449 5607.39290609589 4812.68977525668 4079.48692344012 3629.24405829171 3482.67234410601 3452.89644946913 3511.05218227201 3598.59569725815 3690.19808495309 3832.52782953829 4007.68353922756
2848.01597165023 3091.34506144931 3843.52220880597 3904.86119556327 2527.35576264678 1855.70289525005 1555.25982069401 1544.12596374193 1640.26324298565 1812.70230428504 1990.09811148427 2165.64588373106 2343.59061804574 2492.76885353647
5194.65433017841 6235.58678897316 8244.43931811904 8546.2342316453 5176.30294142494 3500.0738772705 2840.45338765279 2734.24563270237 2720.24016267424 2707.70038713891 2739.94572859557 2844.61125171322 3157.56680613066 3701.19419293791
2598.32963210474 2961.1172814661 3644.11905396424 3845.64101266667 2820.71150986515 2132.59688330077 1759.44736906148 1647.75145635701 1629.0573692066 1684.23911293005 1753.21479088275 1829.28687761903 1951.10760476992 2105.52854650053
13735.711425483 14817.3279199729 16313.3325522934 16696.9057011633 13432.1307506474 10921.5418833757 9889.35380370686 9893.88125214902 10163.8018368256 10593.7139253006 11054.4558155858 11517.9119068014 12056.5674535811 12561.3829417817
10198.7600232923 10200 10200 10200 10200 9865.98505096108 9202.74696773941 9094.76767782944 9182.89572973705 9424.48015395446 9672.60381607873 9828.80174562023 9971.6861618578 10069.5739844385
7843.96216587273 9425.43560530797 11586.9616183427 12121.4488842425 8829.73614501218 6387.428099533 5196.44735165295 4827.32409548249 4731.37707969546 4840.80155840248 5016.50672022028 5211.79703347923 5574.49000550897 6074.37842261672
3423.14624533512 3774.10341033809 4349.95830386166 4563.58955264772 3651.3857656874 2939.99320739899 2540.64107674165 2432.14002467766 2426.53983893699 2497.03624895438 2582.38647978636 2668.93139177664 2798.11874242738 2951.94058715261
4103.18441675457 4384.73023533532 4770.14659323524 4971.28309856982 4294.69336383577 3684.53217368807 3307.7470647043 3187.36678797609 3168.726264769 3229.29109669826 3314.25773026358 3400.04685542874 3525.29707527363 3673.86652339761
6564.19981332212 7057.3418748497 7638.01480538492 7971.69289310194 6995.85622475724 6020.94026202063 5443.17429056489 5271.30081382183 5246.45786744829 5330.46087123918 5444.75970746764 5551.95237972599 5719.02158184653 5921.62328256733
4128.88731888858 4273.26535975621 4441.89223505551 4639.94125578119 4374.42037206915 4074.69739438687 3850.53793371585 3754.74956128623 3713.88418543201 3719.4179105977 3744.93729927578 3772.78020032365 3828.82204086707 3903.17759567647
2876.46137721069 3946.7846221471 6386.39336738355 6665.27608214857 3291.35050833949 1961.96148238715 1449.84245162334 1377.72517953075 1390.7116762641 1475.21431119277 1550.35531444337 1616.33238572834 1752.57146139186 1956.90014668383
3827.49509394989 4120.17240188393 4525.69485239837 4729.63973502656 4079.9019397626 3482.71620618446 3108.49159818698 2981.13739666243 2948.03310168244 2987.84607947457 3052.93379652995 3122.52846778891 3238.11264789666 3384.6106372036
5258.18640713795 5853.19655183219 6611.71044848018 6926.01160909417 5750.3968323558 4683.60653118034 4054.02695440682 3834.1937186362 3762.09278634989 3811.59619415716 3902.9362290323 4005.69158406094 4193.84809309414 4446.07098124119
8130.10010235476 8482.28373163811 8886.85245536379 9234.81520901468 8448.02485860761 7631.38916639356 7154.98595612366 7044.22808560836 7061.86088599343 7166.05059653068 7290.37892840252 7395.29646554037 7532.06450936972 7679.21064218627
3692.479331558 4248.86577701256 5375.10791051863 5584.44210571769 3742.53417718149 2697.76293601447 2211.00310000974 2121.00914996675 2158.88059831072 2293.20427958616 2463.30495634623 2652.58334366184 2850.58265007176 3030.777419023
4621.53316593776 4941.98144013925 5350.84249335382 5590.45630083902 4906.9723316595 4237.9947785983 3811.02465586179 3659.69500929575 3622.69363226566 3674.70576457463 3757.78079030857 3844.12611722078 3978.51312864014 4141.51898811248
4075.84294155971 4374.57523208097 4775.410417662 4988.66651525948 4324.61221203476 3704.87052735173 3314.3180227739 3173.51049907395 3139.05805646106 3186.88823299341 3262.13397212069 3343.17417794812 3468.5774393716 3622.16861076039
6352.89324621106 6604.17494251239 6922.3419587754 7178.06403872437 6508.00534570436 5857.59711726486 5498.68901435868 5440.96622763805 5484.89636499872 5594.64197475039 5714.36302861415 5812.04516381349 5923.79068376646 6033.02412379567
4580.35637032219 4924.57108247377 5348.60714190179 5594.99079540232 4922.81601029726 4254.70548586816 3825.5534473719 3669.19025247173 3615.84322765088 3647.96655530253 3711.27211930703 3780.12913615043 3905.51260483515 4070.50935988135
6394.75200811697 6709.0739574052 7065.92943561662 7359.68630604181 6717.29555475984 6034.19194745721 5595.60047651968 5459.39959577868 5435.31686133058 5496.8829872051 5588.16167500771 5672.4272895136 5800.37932512289 5949.36008171216
6860.99006623772 7479.05044196934 8214.48064324413 8562.28613313766 7314.93830991215 6131.0237102781 5445.13046650575 5230.24831590783 5194.87487727622 5290.22980918307 5425.02837727774 5557.98287990665 5770.26020041284 6033.24206755809
2836.73528438581 3451.34234254799 4881.40202707149 5103.49377317376 2962.42146012727 1951.51386427094 1506.88987351279 1417.34203270805 1446.41841043257 1560.56721670726 1687.46397642872 1813.10545185467 1971.67320368113 2142.14187593812
4112.81595227254 4326.15260114094 4609.61583673272 4808.89223792341 4308.43980113051 3824.02287956647 3517.69052701127 3426.4204653042 3415.08270838044 3464.18193278911 3530.98684629892 3594.22159846192 3686.41508784972 3794.50474601443
8838.65549613668 10189.1759941262 11948.2754249616 12379.3416503566 9422.2706487959 7142.18303157849 6027.69002875334 5729.63546889962 5728.04330276826 5924.08706527594 6169.08983898634 6413.72597605566 6793.16405212389 7270.76138104379
8253.72190428615 9323.77352736947 11798.6413336957 11566.8287892236 6781.7239584654 4581.50702145983 3807.2632445759 3900.97595688196 4315.97245436481 4887.5579014865 5478.91759350085 6054.80723269656 6628.81140667398 7121.59728314552
8281.35210846664 9099.49910398864 10006.2912810015 10443.8058891296 8960.25323178299 7502.1016209066 6642.99053351273 6356.90584588878 6277.95127488496 6361.64237562405 6495.76786345798 6636.1163619995 6886.95665927341 7215.06781482847
4917.67373023261 5637.40139200396 7137.75895845366 7309.96913712943 4656.96333984442 3274.15472207512 2730.97913744001 2703.98637914357 2854.93036548437 3220.12292044389 3663.98681236555 4072.0156436073 4347.67516327844 4490.60293597223
6779.50747110521 7920.79399270369 9413.41863716073 9857.22360606257 7560.27531897797 5721.45488955968 4742.64421036126 4401.28054296603 4300.21035371829 4384.056097665 4519.25490441009 4680.37354291489 4977.48647598515 5391.88981299382
2487.18237105626 3060.82019580254 4340.39761770396 4482.12994664239 2561.29295625542 1698.94660159124 1309.97461796318 1252.76424465728 1282.56338504475 1374.5168155608 1457.90989200562 1545.04311462699 1690.83888392427 1877.05756926285
8694.4775612357 11429.830919079 17200.2759281739 17309.8157373528 8910.21909987376 5358.37145438968 4026.97750058894 3772.76994800381 3852.71166811051 4176.97936018597 4523.21156816913 4908.24517496017 5475.81667010144 6217.11900040689
5103.47375747428 5401.00801403945 5749.7672614086 6007.08602563777 5432.16490826945 4826.74765425865 4428.5247984228 4284.57528831623 4241.97172257221 4281.25283994743 4347.99763677531 4416.99766821454 4530.67066191061 4671.99954973086
3907.19624134472 4107.93239490478 4368.35933569781 4563.85904976973 4141.78690011092 3711.24289512723 3418.89668159262 3313.64045836466 3281.83922147128 3308.87949862742 3356.91314718814 3407.20082666974 3489.97626528468 3594.653108664
4940.41399708208 5188.163369355 5468.76879388732 5716.20920259004 5272.96906586021 4779.99822179263 4430.31272720795 4288.2618823861 4233.09773886879 4251.53636520143 4299.1174201544 4351.253852177 4445.82324939657 4567.90982123354
3288.71291607944 3400.99311391707 3755.11787550345 3859.64175567134 3031.24397663487 2513.16423240994 2307.56232165199 2350.60262339111 2476.62258421149 2651.05580003363 2829.42894752419 2986.17089565602 3107.65742504491 3172.71985818612
6527.76845217769 7539.60341722087 9012.07800539192 9385.16460366278 7015.07987308023 5256.69217734286 4398.12210359112 4165.77375983623 4152.80559747896 4294.09008734256 4474.57837158656 4660.70101735382 4950.65540504342 5317.28105653929
4589.94861536639 4914.47799608956 5304.81555289544 5549.32978768542 4938.02760888584 4313.27307645027 3893.4271914143 3726.48751174953 3663.58009080542 3686.2841552232 3742.15409647994 3807.27060885462 3929.91984519575 4093.0262413941
2675.32573931316 3059.08432416617 3769.25364365977 3976.64748007687 2912.80127932595 2201.55773407977 1805.8547049439 1684.44499960417 1664.95682822594 1812.59690394842 2011.07508866438 2187.4340519522 2316.21472241357 2396.49383492748
4764.18081515642 5067.75574067587 5449.55601940441 5687.72377839902 5041.30987471598 4407.75360551925 4007.30341797247 3879.85003378632 3852.04411468453 3903.52441824302 3979.73125259988 4054.72649201391 4173.60955376376 4319.89908436412
3859.54812732422 4004.68330955315 4293.55115266929 4423.5596193882 3739.12976031017 3207.16279789481 2939.11705286042 2929.89502206861 3015.83797590759 3160.51995356738 3310.3025249613 3438.08337844414 3555.89821370405 3647.25249082137
3317.2386532375 3947.3961906689 5255.28817165917 5560.06139124366 3572.90362749339 2453.39960996349 2025.839870195 2027.49201915319 2058.76888859424 2083.27763635502 2126.75156714959 2157.72001401857 2287.43843063367 2527.93260912135
6133.5467154606 6539.92829086318 7001.20019256119 7311.17181790705 6558.42993106794 5770.10209913479 5269.54295959195 5099.97234609456 5053.27175313281 5104.53730047809 5186.65440378904 5265.83533899309 5402.39837502541 5576.59310091204
4092.47075184407 4342.79353760783 4666.44085123733 4881.54266191159 4375.71542342223 3863.11486319778 3516.79646199103 3387.64006046266 3346.0212511222 3373.72360373298 3427.93912108164 3485.22272239267 3584.13099809709 3709.98302363629
5063.26696714674 6396.59929213585 8737.8301650431 9015.48626490854 5263.17868115885 3413.57548746454 2903.24302877196 2873.78781654241 2754.32052540147 2631.96963948712 2516.3990223602 2467.78540225182 2567.34162260036 2905.80114677429
3797.62727958509 4790.1989568244 6816.43269958783 7123.22234272809 4147.49645950014 2696.0143593751 2068.61137910526 1917.4051024879 1905.09689474549 2005.30727593162 2119.75897738787 2253.17726650901 2474.374051591 2770.65811794764
4191.73188971631 4734.87172708943 5565.79723889541 5836.86004778272 4537.10280269244 3522.03480736828 2969.16591656174 2800.12771683089 2766.67052775032 2841.28934988159 2945.41378529379 3060.44265649306 3239.3478347425 3467.13765367663
5184.97727389354 5812.23302406471 6607.44148406531 6930.97672893656 5739.54852856541 4652.841874044 4001.00835387467 3746.97247133411 3648.55751686604 3679.51451656345 3755.80475647468 3851.2604614801 4043.57244368394 4313.81131985358
4379.01093640597 4638.02330733433 4992.04415598432 5202.51377651214 4562.55162282833 3975.12821399254 3621.70253867759 3527.69299902918 3529.64931535119 3598.48807757167 3685.01552797474 3765.76558878338 3877.35591399039 4004.17235458423
15377.5840107284 17672.1086283675 20076.8691194514 20140.9407122279 13306.0227614774 8656.84222262996 7062.75144539369 7055.00183918573 7632.95087871738 8520.18997579431 9469.22697060142 10390.7746119082 11429.2853000025 12471.0965653413
4879.84663238912 5198.4536870885 5634.86076737899 5868.69228490145 5069.5900739934 4337.17827629738 3910.63015217401 3801.06980440386 3809.65521658375 3903.54681937849 4019.707674215 4128.11650860313 4270.82376018588 4427.73420844751
5790.28776538708 6183.62246259832 6714.27650706061 6953.08167430643 5898.42080703018 4977.30064818803 4477.99391631829 4377.76748004201 4421.00484111347 4564.89111959462 4731.44152945791 4883.44239300403 5067.56687362759 5257.41134443123
8638.48466214074 9562.68145805235 10780.1294572181 11109.2843297057 8829.38561317508 7006.07739066545 6142.61083357232 6001.16132289484 6097.34326431674 6343.86720022435 6617.92885484288 6868.77994603472 7190.55222649632 7545.37074853946
4098.33323602098 4314.61228570575 4603.46387932176 4802.28197895166 4290.06275129543 3798.03591691158 3486.02790186964 3393.74566979993 3382.43488747345 3433.46200835325 3502.99880095922 3570.00099726488 3664.50075310045 3774.89001200612
5869.00257790768 6690.0697224748 8440.40533558303 8325.64654033953 4950.99687668845 3407.31522125526 2900.44686802943 2912.4215284338 2959.01881297385 2949.84336030088 3004.0559324902 3167.08852425685 3600.39213603599 4280.94128305642
5588.26633109071 5907.37679435302 6291.85219135606 6541.31553260868 5830.32029053587 5132.10289750413 4711.00570017337 4589.78224703949 4581.56882683508 4655.79678969953 4755.13481354702 4847.13549991067 4979.491624272 5132.99602589601
8975.85138053821 10665.6453695604 13242.3692938159 13532.6214735405 9304.427803706 6541.12088270045 5334.93334372353 5089.92322123836 5179.95724151416 5479.39986075527 5823.16733724672 6163.07815392547 6629.72723588196 7181.68880344112
4099.39432594136 4271.78856967499 4471.60673155478 4673.56742121058 4358.38269271879 4009.52853401879 3753.57930735848 3647.78600488521 3603.10475979081 3611.58931698028 3642.10164256899 3676.48345746274 3742.75195664752 3831.20069510489
2806.29360491888 3164.74834651267 3910.87359492692 4098.3858144711 2930.96167255356 2192.80418875902 1850.82434201186 1812.99590426656 1843.87008008265 1920.26265222073 1992.36953578423 2062.80724936196 2181.78309358446 2325.20694924858
4574.25199221139 4898.63554532624 5353.35647219703 5580.8770243435 4769.83375145991 4044.11369563498 3636.28378071068 3539.57793135994 3552.57464981986 3644.22746675168 3750.94352394967 3851.75809993851 3985.24378006288 4132.89370660472
5163.97661080483 7437.26797497383 10905.3419168711 10495.1635953772 4952.81718676693 2983.21299505514 2319.3875506315 2241.36703506318 2210.81701887675 2108.28181486318 2041.69977027965 2060.10269251943 2237.77974368699 2618.79098375444
3532.48717127438 3804.1968471676 4455.48553192702 4595.23313019851 3368.98089033349 2606.30178178483 2276.55789295796 2272.16695583988 2370.42968753298 2521.52413063677 2673.88860037602 2826.27556452384 2997.14740511541 3155.98930504484
7566.54233530775 7958.47240280634 8417.1339626065 8735.24819597948 7826.00481967264 6913.7778549812 6386.41462544281 6264.41228271372 6289.19894679822 6412.08371451835 6561.57979154983 6693.09943093079 6861.52865946764 7041.51745737095
3874.55023735109 4159.00552726641 4516.82106458237 4735.99963516789 4188.42274409795 3641.5905175909 3278.85284112063 3142.80824710761 3093.58110590053 3116.40064668679 3164.93745640123 3218.02428090153 3318.28410562475 3452.21830885246
8191.54480478419 8837.88473140051 9652.70846722759 9979.93589753692 8376.1528110627 6984.85290709486 6286.49759664411 6174.23991556551 6251.76771282916 6464.18816867597 6690.04212533388 6896.42929513027 7148.77628299024 7412.61836201973
5483.63361924577 5870.43389044272 6343.3176745698 6614.68427962797 5797.74975458776 5005.92281482695 4526.9359977969 4381.14474103115 4356.9981391285 4427.5199605587 4524.53010255708 4618.88800463422 4764.61315590985 4941.83585674831
11704.9528146302 13766.2464727695 16862.5843783006 17081.3187103201 11568.6964088386 8123.15988541666 6722.9968947655 6515.84201207651 6737.8915911676 7219.98209996771 7742.78562161246 8246.70841956542 8887.24357877438 9582.6212250411
3654.58526696033 3799.17087261414 4023.7694093749 4186.52457709671 3748.57092751096 3344.78550071928 3100.75225317253 3046.171649919 3063.20071960611 3128.03382694131 3205.16007929238 3273.26957587752 3353.35386546327 3433.96938476662
8926.07297093407 9505.8337027769 10433.9473950932 10561.8009562114 8259.44851490906 6594.5928497377 5926.7893739875 5995.42738104909 6332.60147330772 6822.24975154757 7312.49733647513 7738.04947660447 8104.01949501943 8353.31727938342
4523.9427293458 4764.06827995442 5033.32959005172 5264.53482383766 4852.35642820574 4395.60396904095 4066.13831568101 3924.42601790901 3861.92868857767 3867.22409458957 3901.20738006796 3943.16877649752 4030.75740199467 4151.80925308697
6540.66552858597 7603.03280403365 9349.13317921308 9626.84459718662 6686.77911001987 4836.93460633729 3997.31123595813 3828.41616954513 3883.55006644612 4098.34020172153 4337.98177307036 4583.34780169065 4912.51350465328 5307.16156699974
8311.80150077608 8812.15295212501 9400.43926749705 9751.82293669698 8612.65935146144 7512.3798030889 6913.62880747566 6789.11822067318 6824.6986655251 6970.42968478036 7140.77044393863 7287.69364688905 7477.99847614022 7684.25625210492
5601.95339951465 6092.40122969885 6801.5212560139 7047.63004695756 5714.1740347215 4642.08005755513 4094.62468763189 3987.06649061341 4040.89562756759 4200.37422718009 4379.02698812439 4546.54867190758 4750.13865834287 4967.3206078381
2019.80638067437 2689.0046980114 4007.99296475614 4269.83664982992 2404.79923692167 1574.82110524372 1329.4208410038 1336.61495208496 1376.17482286417 1432.8382718509 1469.07884597109 1493.89338917889 1539.54625039641 1616.79095349208
5729.20133253406 6492.14778743334 7474.09781787137 7830.37567395155 6323.94675663001 5018.9502204043 4260.55045407494 3984.06388142317 3889.45755181971 3946.95757280053 4050.54979851912 4173.35108317829 4401.44318470212 4714.53228091953
3388.41778183741 4153.28672293252 5622.23074699359 5922.516689867 3811.10721463199 2617.98758441356 2046.60386215072 1874.82265706719 1828.25193005592 1888.24493303288 1971.62833790096 2075.53673358524 2259.97010391749 2514.44223074502
2900.54969825664 3166.58210629089 3991.04635354096 4072.19261427867 2666.11840034725 1967.58720633432 1651.1845238881 1631.99833569064 1715.96057717916 1866.79376039965 2018.65236795941 2166.9694259112 2332.19085008454 2489.86999794673
4270.39100550836 4547.93300434873 4895.49125593453 5123.62214185031 4570.88140681074 4011.21558935898 3637.66466688134 3501.65810727009 3458.13098048279 3488.90365510008 3547.80368199486 3610.15323596337 3716.39880695281 3852.78487873192
14713.4836739964 16516.6728629925 18982.8496880441 19267.9580040084 14287.0109700783 10813.8336040805 9420.949042877 9379.17751152104 9766.28851740101 10383.3459760706 11013.9041962948 11601.1343008086 12258.2490211662 12901.4699148565
10837.7594597355 11937.8129967145 13330.3646298604 13785.4255808111 11196.0934714763 9048.35248507894 8039.91529368123 7885.13438779089 7983.47071091976 8229.82207083794 8509.85358140057 8779.61214819438 9158.46561058942 9586.35701216094
4438.88386506352 4745.27497012373 5108.92101234818 5351.0649564078 4811.22871960253 4245.90965634662 3857.56669142629 3695.82835124929 3624.78584856744 3634.0159816873 3671.39668287912 3720.37172176014 3823.79134238816 3970.52035586895
9439.44748703235 10158.6141006971 11095.7103389441 11473.7516967916 9600.03428906013 7996.67042444611 7233.35137060291 7142.11639309744 7256.95659426767 7499.93808274059 7758.26403245509 8000.75786271087 8302.71151966871 8607.82332487248
2014.10655844148 2578.45473200154 3552.57657835595 3787.42558953144 2435.7077503485 1676.23440388628 1377.92084988102 1315.74985618302 1302.03451927716 1329.96025145601 1356.12254911601 1375.30974221954 1433.15861149582 1538.0881682329
3839.50751420728 4699.19855766123 6456.23336655281 6815.24051282941 4256.8310410409 2858.70853395898 2237.63216092037 2083.2148105758 2077.14217032128 2178.56986122411 2294.59275945637 2419.88501834245 2625.23362118243 2895.49283289939
3574.68917846353 3760.06790282613 4273.8532105828 4365.55045218254 3254.98998116727 2605.29208622884 2350.89371729592 2389.10248128719 2506.63758247006 2674.49587405209 2853.37286010792 3035.39090237368 3210.51727031515 3339.81955430115
3192.60087349589 3618.30137352131 4607.34465333623 4765.54868396066 3173.69350678059 2298.84204724098 1889.48292420274 1816.96173254199 1857.9636700738 1979.28906443793 2108.81365266164 2241.44705727392 2414.38184265455 2607.64170508217
4968.49619191146 5247.69720466507 5639.4605303413 5844.77495723186 5048.73075669068 4351.12378467724 3972.92018587111 3903.81835471366 3948.63842215894 4065.8146862482 4194.40977541954 4309.85934771087 4445.5710118778 4583.45346635065
11622.6151262359 12949.3949774362 14465.4873791742 14965.5855098943 12195.1639705281 9777.05927520606 8526.51594636824 8206.29856855127 8221.10475193783 8464.36772076347 8775.90597240483 9076.66607141609 9510.25459703665 10024.166626596
4816.21830832191 6787.41453510799 11251.2977089751 11756.9507920806 5689.22294230456 3209.03689787077 2306.16703725145 2079.39534198438 2054.93382125331 2180.979615852 2323.24253345835 2484.89474442711 2769.64070016563 3189.39408590479
4463.44018918922 4655.61168972556 4942.60988044431 5122.29357283642 4505.63230281004 3963.64925998734 3662.13477118683 3617.83107533115 3664.41128191002 3771.53522169803 3887.26845695447 3987.66956246559 4095.38559598454 4195.62845798469
3430.44075287497 3653.09116050995 3936.52373467486 4128.17302966032 3707.84274272264 3281.46003484679 2973.9763895606 2839.74269042591 2780.19096365587 2785.74484817035 2818.17488210376 2860.64576492857 2949.27500339056 3069.12602989294
20772.2431564251 22764.9188710482 25384.0918746112 25861.7875103378 20372.3573649603 16194.2450445425 14463.4745689652 14447.2294584117 14929.4018081335 15664.4753427426 16439.3177699323 17154.2924867412 17965.849771873 18742.4129288272
5889.68490695705 6679.3007750937 8129.94165626397 8317.63135241318 5668.5344810202 4153.72824640021 3560.45448193068 3427.0254024893 3284.37988063776 3180.19405134501 3191.23549749138 3300.85447185836 3645.49094995273 4316.60139885432
5033.71709397542 5178.7524720777 5358.6259430438 5576.19789243836 5220.47798422725 4842.96957867602 4600.81492042653 4533.77751991065 4533.16441572942 4580.29748905125 4641.67082197051 4693.59429234432 4759.92716327901 4829.98012432211
5744.63909846486 5896.58331457595 6068.67597745026 6323.50668896301 6019.55261746313 5671.96140540471 5429.01680983651 5340.69553321404 5313.25323594557 5333.07793237141 5371.84273470386 5405.83978892009 5462.50752552894 5530.87934901695
3900.70209880103 4044.41781904131 4224.93945530448 4410.13435274528 4106.33155299712 3781.66801640785 3552.94737743991 3469.19377816574 3443.07628894846 3464.12850866143 3502.63326656823 3540.41250204265 3601.99374147404 3677.37581306684
4301.98342987156 4486.87156206306 4717.61176750716 4920.60882576039 4517.80516578449 4104.36901797176 3834.97493444246 3747.70768565317 3728.63310746004 3762.67552155036 3813.351199264 3860.95621987591 3936.18288161834 4026.89088318264
2929.7846619814 4082.142170517 6509.97793378776 6910.39545498211 3601.29352366617 2179.54698934405 1570.1018454899 1415.35473474908 1385.62584267476 1442.79548636474 1498.03395856122 1552.74999920114 1701.32824149369 1947.95379794187
2733.58149419207 3626.07351470249 6042.32455728375 6253.42289779434 2918.64698968006 1708.44642489527 1325.89212993481 1347.52478033166 1464.22192484104 1622.6467597988 1736.45092193037 1822.5001406839 1925.08918803561 2060.21210903799
2351.43420905216 2779.63100268295 3651.09321374481 3832.71155157962 2548.76704240342 1823.58574972449 1459.75728201535 1399.09114217376 1411.32737412808 1472.34094871139 1531.18837805893 1586.21995667052 1692.38271850057 1834.98639433011
2185.16460832842 2585.18607591188 3296.74743127819 3481.99553786682 2408.41359241056 1764.22878639384 1436.89830589783 1384.39569368394 1388.48170095746 1440.06555080129 1495.81602264095 1544.59093470235 1628.1825376745 1728.29015550118
4241.00283393373 4778.97414740262 5606.76948371403 5877.98102354044 4612.42988361392 3623.2341972667 3067.42266859634 2889.60901984629 2844.10370118333 2906.56310260971 2999.7774417415 3102.72376383013 3278.81666986855 3508.58898919506
6524.09626970742 7182.92857433243 7979.14368499856 8328.83548531127 7012.79408278036 5783.77937157785 5062.5606221544 4824.28645381503 4768.7193703584 4851.61931257752 4983.34240921631 5119.8235424827 5347.18886867783 5632.67593134063
10125.4150382722 11007.147884367 12100.7762519595 12453.023396317 10207.4954229368 8322.29201323267 7412.95166651369 7288.85341873417 7428.63698760852 7737.76706734473 8072.64018442881 8370.92719895644 8725.92126448566 9085.95717709795
5839.0718179764 7100.88663163066 9903.25157085106 9927.14826223736 5424.91276297216 3431.2701983561 2700.7541052389 2642.57837348435 2804.8676588259 3104.28890964027 3413.91092017945 3723.26383581897 4108.9424494761 4528.92373301496
7009.18227917329 7405.77508923257 7985.5090260723 8202.30123809714 6865.60294488055 5771.97626047768 5254.93364509833 5238.92211428551 5392.21972893854 5647.37473636775 5910.30674772307 6135.27454008309 6356.0538962352 6537.63308624373
2607.39631677409 2964.68844492574 3562.67021668603 3759.26112760959 2855.15830050582 2204.9584734698 1841.33846027207 1734.828295091 1714.36208760286 1755.82687025162 1808.15446049877 1863.52072895521 1972.25525363789 2116.60491005859
4534.57767537072 4881.77408410863 5292.58316525183 5541.81324942395 4909.88735314587 4265.95882366144 3832.02816355387 3653.39747060803 3581.40417300249 3598.97362225833 3652.21349557831 3715.73370676198 3840.63716414832 4010.48457676679
6268.52338659436 6977.72150447814 7805.70474220843 8165.01075643351 6885.1907974025 5673.16138407787 4936.13080475841 4658.29813648116 4557.19477677762 4592.82234695301 4681.46544777665 4786.10746057613 4999.48699844107 5297.64334626846
3220.66341893948 3519.88617335045 4069.10753213226 4252.80899250713 3301.77555311783 2641.73270148283 2313.46275992854 2256.94442273415 2276.19151059695 2339.35781758473 2417.28209266394 2507.80428035972 2648.03978606528 2812.12978142179
5467.98505011753 5675.55004967079 5945.35557611392 6163.19849720057 5572.14831923733 4997.24330744298 4666.3980712453 4603.12057909622 4639.69080989229 4742.48935551293 4860.71439807854 4961.34157691838 5073.50487837714 5180.40899041897
5484.50443334409 5877.82750551174 6471.61699241405 6681.33507079302 5461.37442493947 4494.51238287886 4008.59427814453 3942.84226716747 4027.84237571757 4209.42993624241 4405.72235768236 4582.02359631739 4778.26696996707 4967.67047743421
11829.5322854693 12781.2255190856 13100 13100 12204.6703720086 10161.0401367303 9050.61786340666 8793.31120676681 8819.89539369108 9025.82776104476 9280.61836803215 9525.70991317954 9920.77313074909 10389.6422927961
17087.7041805448 20051.1367870934 23954.3264032013 24494.3635692963 17699.8747952724 12931.5476077448 10890.8256174061 10546.0041829841 10758.8561493976 11270.3848404136 11843.4341351734 12384.3628561624 13151.0391431579 14077.1737519351
3162.96798670341 3476.86230390019 4446.60690690631 4498.43595023999 2781.55343862675 1985.32481947728 1652.37626361051 1664.40974112283 1788.73782278423 1975.52452594397 2153.99507475785 2326.42922913106 2522.24953222497 2701.97036641235
5540.23770637691 5732.49787416016 6011.93614156126 6224.94539060013 5567.72750170502 4962.50879725109 4646.26671073949 4620.00505516973 4696.2060696671 4835.84323857284 4982.46083826262 5102.62647201626 5215.71820824406 5306.25342107183
4262.94014299863 4382.99253537608 4539.18966764718 4728.51415177868 4430.5598214309 4117.45315653198 3909.21370990317 3847.39825407218 3843.0386123332 3879.34966284056 3928.99167921414 3971.99623691552 4028.22637887557 4088.50449877082
13071.9682049036 14965.6742766246 17363.39375334 17914.5455584846 13650.427087614 10381.2406125603 8877.48343936389 8589.11049461106 8706.99563465394 9062.11608689508 9463.87764722633 9851.65138748598 10398.1066744433 11042.5517246869
8167.60188349115 9040.31758227713 10285.7698771838 10544.3295814988 8090.33757029414 6269.02031581273 5434.08371041846 5320.66246821941 5466.66162923337 5773.71444982386 6104.58561811779 6408.95189258468 6768.90233535932 7131.14184951836
3292.51093784462 3547.31976341629 3891.34560465945 4081.18545379773 3564.83812404175 3078.77422906124 2741.46800834961 2599.25243625247 2540.84787922946 2553.86097059302 2595.18716102832 2646.79277570134 2748.51049524273 2883.81173426405
5983.8394265537 7370.11190186078 11088.8282828822 10069.9890018184 4462.2612123231 2577.17247842913 2064.96065758787 2290.88098122631 2724.6686460551 3150.70664091438 3474.55293843116 3699.4318491035 4000.43903951887 4412.70713244064
4310.74615093892 4465.37608957694 4645.91600547256 4848.86032291614 4547.53162909867 4219.2560817782 3987.20424820056 3898.21783330519 3865.81021782252 3880.31570167282 3912.57335084413 3945.04190005519 4003.43996044756 4078.65217578223
3988.63907609169 4117.40385809933 4298.67701037671 4470.55670942744 4102.64771643567 3744.2475998724 3519.06045508141 3465.29781518295 3475.96955320536 3532.06212676124 3600.05956135937 3659.83280977812 3728.95363710046 3798.54484469822
4641.32237880973 5181.20320604068 5908.74537362051 6184.85239738392 5023.00790646413 4055.85695053279 3481.66624914645 3281.76700411163 3220.36451262379 3276.41768005127 3365.73926913188 3469.57745539663 3652.23096530727 3891.64738405099
3065.19216992863 3307.77895902845 3705.79835469288 3889.13638012203 3240.51236269835 2703.57735675417 2399.11961914031 2322.47605908107 2326.07793208751 2379.3813056503 2442.52468528542 2507.33820904422 2605.44095779557 2719.96155472457
4398.75593885184 4505.33375122623 4630.39504978534 4829.28877197441 4618.79872956627 4379.97722599593 4206.2724498406 4136.62065927127 4109.78346620378 4117.22277421104 4138.48722823073 4158.00767886259 4195.81253951909 4244.3026929658
10404.6252750359 11890.8153320049 13829.6669476033 14240.143734808 10755.2490508704 8131.13695265761 6905.20469843724 6652.75518326444 6732.90041555944 7031.41736770175 7380.4882936454 7720.62957449207 8183.82287418073 8720.93014126311
2100.26947449089 2538.93959135021 3352.28525086892 3551.89446038318 2350.61396812254 1670.53610815084 1414.70395781281 1388.97200036335 1412.68887540157 1467.77031814889 1516.53642494749 1555.73602123501 1618.8439241746 1713.51695577304
3245.2678592551 3541.62511581453 4003.35092869462 4194.64123787359 3473.88962828778 2883.9555469932 2517.63107809613 2390.36684751179 2356.0501317368 2395.37478634802 2457.46824756991 2528.59377637907 2646.35699345572 2795.19945983709
3498.71741487672 3854.33309860495 4332.38966922889 4554.99757367578 3882.96907008426 3255.84188024709 2841.68735147438 2669.68815445617 2591.46536626816 2594.91876561358 2630.28194399579 2681.44702994006 2796.22653259668 2962.93390287625
6440.98422330225 7061.87568428849 7814.66636233511 8137.75965836041 6854.24498955518 5673.65468362121 4991.17209925105 4773.48901174248 4731.91533074093 4822.84836413035 4955.71702730266 5093.55486788416 5314.69820353716 5590.52604793066
3488.01643912569 3722.86846521818 4096.75529602598 4273.30724235037 3629.44635398291 3078.57483521363 2746.1646031439 2652.8877588607 2649.41011656025 2713.8960004849 2797.86198737192 2880.8699480535 2993.80372861275 3121.7686164719
9663.60771293015 10464.8235258505 11449.5295149812 11844.9497569632 9913.10593394279 8222.41002095016 7380.76256297705 7243.33287583581 7340.52663108998 7587.66397372126 7862.50127638851 8109.72181192893 8412.34020338515 8730.35460316558
4086.48480519848 4380.14468155562 4752.24116066524 4975.60738037047 4397.81638365668 3831.14182343719 3455.02105937038 3311.31789444083 3260.24710838885 3285.04831049819 3337.17610441022 3394.54110770031 3502.68985848826 3645.00432083933
3862.30048323966 4209.6831326911 4679.8198110509 4905.33693994271 4196.39807668032 3543.0520779559 3117.61798566984 2952.32225199929 2889.48526973766 2914.1525333834 2969.14714594844 3036.18829786759 3162.78162854209 3334.72893794182
5819.13254504173 6541.45527846665 7533.11213532202 7856.93604158731 6208.22455779423 4870.1679526041 4177.15528419821 3989.71775883334 3981.84609646241 4103.24078314123 4257.41622910051 4409.66401838998 4640.57092019391 4921.14960226348
18536.1521771969 20726.9550492277 23948.8805758928 23993.335293871 17359.890383904 13046.4460669277 11449.7088726445 11500.1326857856 11952.9459422116 12589.0538211929 13299.8386979179 14089.1881326509 15103.163113606 16156.3899227259
14907.1477772463 18465.7685648376 24373.8916588793 24746.9055917507 15264.0664620602 10023.7207908174 8068.0904987193 7815.51698897723 8098.80575387548 8622.00898239729 9187.27012035918 9725.86172119532 10522.2153058344 11528.1494668035
5202.27685119722 5705.81659152344 6298.71205188393 6599.31597649288 5715.92924796604 4839.32527622756 4268.20090420405 4033.40596981998 3933.56402712279 3946.42612058402 4002.60861276345 4076.67719699923 4238.82067689049 4467.35176380621
6344.75676800342 7743.77666366716 9729.53947099548 10216.1583135963 7297.54889146313 5210.70266365388 4200.94161219782 3869.01414079468 3763.90936506309 3828.98092347015 3947.54027578389 4089.40889169447 4379.02531338053 4802.67486058659
5597.55669341179 5910.53238748698 6256.66651516912 6536.99519463519 5986.96288565883 5378.86175551886 4964.1173062726 4800.98381627802 4739.9523578007 4764.11961206729 4821.45574150272 4881.55320456111 4993.65639266147 5140.30655947377
7504.7742649082 9497.92174595273 13928.9056473434 14205.5736265585 7349.4616104876 4500.57807616995 3485.99199774061 3403.82034907982 3576.88975024663 3791.33884107949 4021.10951227117 4234.09434019947 4662.23281696175 5304.25909557881
2810.86978323754 3122.95865946513 4092.94833748286 4126.82379315384 2510.80451390038 1775.72872782969 1546.15457800585 1610.86802549495 1728.00546704609 1881.13396536987 2012.61491933953 2129.83121671551 2259.87977352813 2386.52147569907
3212.4630974187 3430.23273749301 3773.53990454629 3945.02079253206 3372.20261766862 2878.09214542323 2569.22309148215 2469.70960941966 2453.28223630918 2500.78464653958 2567.64387759153 2638.21575067492 2739.82395025389 2861.25507117345
2293.59974096384 2686.05649386704 3333.13089389956 3509.08819077205 2501.43426836911 1869.52472802954 1529.99903401606 1430.97022924983 1416.99042470476 1462.0829946895 1515.03647611252 1574.99080120468 1686.9551342086 1831.9058360256
4738.32434229138 5447.28087576835 6646.71738745124 6939.53301856743 5086.93972597818 3807.96398670515 3159.32966062897 2979.62793517778 2960.42700860764 3062.43734439072 3191.02057696572 3329.79190489977 3550.92198428227 3830.89102512908
5098.22480853911 5638.01229735073 6318.02044565829 6612.22632667053 5560.97429073266 4594.66965660353 4005.07802244106 3785.92579198453 3707.67956209655 3745.73068155854 3823.2893200859 3913.87194558855 4090.88962665993 4331.83268587839
7782.77965366053 8186.76978053079 8773.35168911452 8992.62758658676 7574.34261546036 6408.22183918004 5879.8034819284 5891.42207119353 6082.22272746156 6380.44534984132 6681.48739211824 6935.53319932609 7166.85487044225 7339.39750989479
7471.5349278313 8109.4807892341 8850.84944461587 9234.79728545236 7989.72162085206 6767.25006646247 6056.94415875889 5843.11853904497 5809.15249015895 5912.34854965151 6052.2985902034 6185.6277472066 6397.09142763477 6654.99180819867
19627.4591011223 21456.5213123978 23873.8455667363 24486.7958021283 19651.9421407985 15879.939728122 14281.633527894 14087.7668766961 14117.755305166 14311.8985622451 14688.5739594151 15257.2505288564 16201.3179406484 17294.7657151241
6058.84117134749 6802.38175547748 7786.58555938147 8138.55405875736 6546.70037083687 5197.36769126572 4454.44278625709 4221.89457324293 4179.78276617419 4279.63056596385 4421.4579437155 4568.3698598689 4804.27819645918 5103.09476047021
22031.7304464514 22896.3282532512 24348.2910267842 24512.1911075094 20236.6345835561 17104.5356147475 16084.5522614379 16614.1448657314 17614.6227930282 18881.9583065741 20069.6994149421 20987.3947131815 21540.5657752792 21710.2574017175
5315.86490178993 6413.40401277051 8777.57052707578 8795.14368051745 4845.6543561246 3121.62093772555 2517.33347276236 2511.03223889474 2639.94913121998 2732.43807806819 2832.47688213356 2961.62306175853 3284.99778815099 3784.468261825
3317.68150010281 3469.07796118658 3819.73631694944 3930.36723294182 3171.52092329529 2659.557928324 2419.88570823818 2429.34281885773 2523.92269438739 2666.43746866045 2806.49903749243 2927.94280493894 3037.09126765403 3116.03064536278
3808.32794964573 4174.46077969164 4700.45589386017 4929.05244423949 4149.47477031728 3456.96386635998 3018.14928859999 2854.34537678695 2796.18429988138 2823.88437219285 2881.49618989977 2950.09704682333 3080.3582811436 3254.18874066554
6904.856132565 7849.59127583429 9171.16259650606 9523.5462044204 7284.330729917 5574.02947864401 4713.93836307706 4486.38396861183 4487.3148989023 4652.15071374005 4856.98602508036 5063.28981221129 5372.28779225779 5740.80958095357
4103.1800576357 4333.96071788366 4710.81732701568 4870.40290788383 4086.93656741131 3463.97734385573 3129.25731786431 3081.34878372782 3136.54541508661 3260.9239391652 3396.53813157595 3517.87844431145 3650.08440092754 3774.95824803985
3740.28540868435 5652.73117138184 10708.2569344921 11020.9883788955 4463.00986940541 2274.90513669674 1581.06864087575 1506.63715981264 1564.08141091983 1734.8694661591 1878.42226180191 1988.73292919569 2165.19975930863 2433.47503762254
7158.42959869571 7982.41470016117 9018.90153708943 9391.94991253907 7670.77860296588 6177.4047319957 5368.59140955648 5136.27078370372 5108.73112273911 5223.92040844267 5379.54117479809 5533.93246311846 5786.71685280128 6108.53344230338
7847.44547081563 9033.48718154944 10588.8506979062 11027.5379939688 8509.74985539603 6491.48203522759 5465.86648662223 5163.01065182801 5115.5504945812 5254.00026277885 5447.79239599059 5649.72142723002 5983.225274903 6414.0121073527
2968.21832885142 3280.18605902297 3733.75977498184 3925.4874961488 3288.21698238188 2734.49015071244 2371.2698472023 2222.42193421045 2156.17911178962 2162.88646540031 2196.89776190012 2245.26273940167 2351.28879966089 2499.55569815782
18661.5712196592 20415.0761088898 21862.1500794879 21900 16839.851195903 12274.0896691566 10624.451661307 10745.4565819003 11434.0499028214 12420.2774485046 13425.167090864 14423.2863716246 15502.9066126175 16463.7768122185
12342.9921795904 15115.8492834317 19006.4681411155 19601.7587670559 13462.0846093734 9355.76726061915 7549.95221930067 7074.47102099962 7055.44853356026 7349.91069845767 7716.7555293995 8095.53903794843 8718.12134356495 9531.57281359381
8693.33059984003 11353.042419014 16381.8007163442 17089.0259850235 9967.26177411673 6225.94092146342 4723.43103912464 4333.65714589547 4300.79080388358 4515.0540369948 4775.05305218576 5066.48344637208 5548.84409623895 6231.31486916753
3893.97204794727 3997.05740172366 4124.21067896977 4301.81620904667 4083.51558839291 3844.44210029686 3673.07758807518 3610.08611311658 3589.80381602354 3603.15885101848 3629.35649722334 3653.07506132375 3693.20719361856 3742.31136267905
5097.78057038714 5515.65155100916 6057.69979262578 6314.95083039509 5383.49539878404 4531.92653999898 4022.54813543983 3863.04065707831 3835.64826256502 3910.66070303102 4017.1715526653 4126.29082349048 4293.0047670616 4495.31860974984
2582.64935496626 2858.63602291375 3531.95493078335 3685.95245626861 2573.40685479152 1938.57996114554 1628.82832177003 1592.92326460421 1639.23122102947 1733.00636004326 1825.53837618529 1917.99985676068 2044.66421395916 2183.91079678523
5951.33661217265 6456.16944736433 7038.26062394052 7346.5476818242 6398.74420075015 5463.46142896979 4878.21946298333 4665.91916503127 4597.62001355794 4645.41969714504 4734.06513356281 4829.47406895661 5003.42492113559 5232.86824620843
4189.84732295843 5158.67782047923 7263.34110609068 7618.18003204053 4508.41704227842 2952.83498275818 2286.12932750232 2142.64583762422 2157.02020481672 2290.61736635581 2437.2349659544 2596.11691179297 2833.31869109397 3143.68587089942
6738.70004435405 7317.00396309663 7959.52633802372 8316.10343587151 7289.39219809394 6234.16053158079 5570.05383403983 5322.87331417437 5236.26234456917 5279.36864968857 5372.81720057226 5473.30447565711 5667.01383951269 5924.03867685633
7165.98824857179 7752.56101612902 8575.34062567087 8816.46365211384 7132.95033996463 5802.25526332395 5174.94699927701 5102.24933070901 5224.37080495405 5458.79995951302 5705.4320793379 5927.91817645473 6183.51845360426 6438.46190010052
5312.4242232213 5604.83662771208 6009.0489921837 6220.9462662784 5369.07781403541 4613.78090380288 4193.7174829491 4114.82898724825 4165.14545099888 4302.20957245426 4457.17960990849 4597.53030029325 4753.28121519656 4905.5315205964
6435.85955921007 9081.50708083679 13696.7939200936 13958.1811882176 7002.14121458592 4067.36854345805 3070.44572497207 2828.00740115399 2681.54696767442 2593.97252488643 2545.26004181596 2616.02797749102 2871.21330472138 3360.07178478928
3999.18457730309 4100.12182416763 4222.14410327913 4404.59890689203 4199.82428835085 3970.71326203554 3801.37233223379 3734.16313148538 3708.9424843221 3717.90001865569 3740.9602452902 3762.89178334103 3801.49727463871 3849.8825147986
11095.0220094402 12586.0105368638 14499.479364246 14903.3929854669 11357.2286161327 8655.0388478739 7406.79346207573 7164.40345655774 7279.39044940621 7624.26148111779 8015.82902347626 8388.62393816753 8875.87572979717 9421.22839812563
6412.81300260915 6859.29539336986 7372.78638268053 7685.05130138408 6802.70519112498 5917.79887987489 5376.76064583495 5204.85596044892 5168.63481530034 5238.86235700769 5339.45574618269 5439.59963862548 5599.6365279651 5797.30533897408
6715.96055786494 7062.70811576457 7559.08420386983 7772.97988755767 6602.60212633234 5611.099103328 5122.46055949076 5095.04133802617 5226.85037233204 5457.9808345357 5700.74402323864 5908.12633448478 6111.97280056517 6282.80908486387
9410.39460763715 10116.9259401379 10935.7470995239 11342.8277951245 9773.90160709779 8295.43565199431 7498.33712887778 7327.88837845925 7369.63188881417 7562.31456601271 7786.57795764731 7991.3590976589 8255.99376210743 8543.55635227619
7727.66162470959 8435.62354958929 9335.59224672079 9681.1880543892 8027.72560167189 6596.40431186133 5861.8229705379 5712.58504463183 5753.41259436331 5934.97981048192 6133.65383224443 6323.12025621217 6575.96112218999 6860.74141489189
3538.27680649603 3808.6012321391 4723.42787255245 4890.34706084645 3343.52766241732 2438.5645569026 2038.57246699545 2143.01724955072 2516.30160358973 2936.8426601397 3291.7755863473 3545.52230935053 3697.56397254053 3698.82889095877
3549.33648140986 3675.49893300392 3843.13779956653 4012.07781522811 3733.67745261918 3440.98023712298 3235.92705962285 3160.72383986877 3137.60023520397 3156.40264338401 3190.60189834533 3224.10373021279 3279.04097572588 3346.83221693171
10836.4061907817 11371.4587254415 12058.3365233365 12408.8503918217 10750.5852530474 9276.24267835481 8584.76386377533 8579.59588273481 8792.87690328286 9137.18719720052 9487.49041696092 9773.53351235221 10045.4743892182 10262.6445039885
6728.80387582023 8328.32489936993 11940.5524413927 11756.0293021549 6005.57472122766 3594.01157224652 2813.68005754827 2806.43607127943 3071.40368441325 3439.99697954668 3792.96186023115 4118.24506652537 4562.01690357167 5079.70867990714
3884.42071307585 4012.70168361258 4162.23650967778 4348.34659674954 4117.26782947738 3853.09320873796 3650.97339983645 3561.96873384051 3521.40561983951 3523.15556202562 3543.93073989342 3567.77985823079 3617.09405516014 3683.23575766715
3786.20281140883 4135.21110169399 4771.14415919302 4985.06288629359 3932.16638322488 3171.42708437908 2793.94616008114 2705.47625594462 2674.71972905775 2679.84937880325 2721.33773733326 2806.60105407043 2994.9552536362 3242.04575559313
6069.68238263515 7075.09519888919 10272.3099782305 10278.4190914364 5100.28696376402 3046.3354309426 2333.85440147016 2583.6292075514 3338.4070523414 4520.34025618015 5721.25196183166 6772.72541261673 7311.89207513603 7286.10564687551
5220.04228565453 5758.76157018623 6469.80051197897 6759.39010789927 5573.18004406209 4541.43877992683 3967.6245908048 3804.08448464949 3784.60394658021 3873.05778242957 3991.10286432807 4108.1496018883 4289.37721909923 4512.77226358088
3825.59674727475 4129.85376264068 4515.69109062814 4732.72591969317 4169.04659244677 3614.03186394671 3230.34123403155 3064.15592686085 2988.88006736142 2993.99487423537 3030.40929290567 3081.12893422051 3190.16504187722 3345.74132622462
4000.74376205704 4664.83188759452 5806.08778577127 6121.40496189294 4371.75363930647 3213.08066058571 2654.96634919103 2511.36116892833 2497.96866504981 2569.70759689663 2655.63654702182 2756.60625136598 2949.10143784953 3208.48157653393
4104.06144129399 5377.34310825359 8526.93873357102 8873.43947366421 4280.97204729695 2483.25101705613 1888.75839165044 1964.84043277358 2171.10551273872 2337.3229877701 2464.0512681651 2530.35543344995 2683.81729645199 2931.73380427466
14519.6850827299 15749.1269348921 17269.7185205863 17734.3519546097 14478.3844574877 11765.7426115499 10534.0813133862 10443.0294727384 10725.2710783578 11237.827917778 11773.532935399 12247.0743384431 12753.4181501833 13219.5073189012
3560.15824449947 3724.05543021313 3939.07357946562 4117.81976485992 3782.06011610843 3430.05442834959 3178.37913994154 3077.5996641491 3040.11380651841 3056.09972608147 3092.83059503029 3132.43631545117 3202.84732753321 3293.08830520052
7254.23158226165 8522.20048437583 10899.2350826682 11009.9296978887 6862.52273172542 4670.6161486848 3858.09881253728 3825.73238644883 4034.26986975629 4348.29354707213 4663.20750641556 4966.95635799746 5374.57237970309 5845.89409181252
3599.25854850403 3735.99769521211 3899.67527925509 4078.04354742455 3841.5791772345 3571.75325267735 3363.54413955305 3266.1068612779 3217.69317009181 3213.10939385831 3228.70883699994 3250.35120326052 3301.82541048714 3375.27736201377
11320.6211065131 11893.6067855363 12000 12000 11232.1166994335 8565.65676970225 7069.88321099659 6731.53108026921 6812.73448816479 7188.80307023453 7624.15831304419 8071.46238779855 8738.29366058039 9511.26155877427
3497.22650612618 3660.2222171431 3864.05598572252 4043.0690711777 3731.96812286985 3398.51973046128 3159.31351337765 3063.10249339013 3025.0696807593 3036.36550566855 3066.51733175833 3099.05289507514 3161.33710510981 3243.43273873394
4126.94821596383 4504.49002087819 5028.89513819766 5269.78739625393 4458.10798665252 3728.05953865707 3283.17056795833 3133.74062000166 3093.69727381366 3137.84900017553 3208.21500576602 3282.80482251285 3413.13644565839 3582.98900488113
8406.87694159947 9751.72473253976 11539.768040632 12023.1434718995 9151.09307418494 6897.99343502792 5782.36122542892 5475.48774444734 5443.55053872859 5603.23413149313 5818.53722341467 6035.65421507683 6391.20487099113 6849.79762876928
8067.31835182966 8868.53245343625 9844.08691329139 10215.1765826634 8470.28036404594 6926.04440454528 6103.17348358594 5894.82720895492 5907.11259432519 6068.13287050069 6268.0690300445 6456.92847885025 6730.72508617358 7054.42635235146
12647.7326876269 13906.362124621 14691.8221615175 14700 12585.5557027577 9855.93197758218 8596.15371803208 8423.57317835476 8636.75907612624 9077.95945888207 9553.01493049632 9992.84704322849 10518.5101239562 11061.9977118163
4466.15499211527 4839.66997610541 5380.37304736094 5613.89810793426 4684.68834249228 3884.05581814847 3417.52679801623 3277.37264696846 3261.60976654307 3344.3271894433 3454.34782863039 3566.52383476065 3726.75874521778 3914.88789344678
10631.6363417386 11890.496870152 13372.6146920221 13901.3249779267 11355.9238052908 9122.1085502621 7973.15316344066 7684.24248804979 7681.96107266637 7880.01689346987 8120.63597163169 8358.26970291469 8724.8479741802 9175.05106653547
4375.38694550725 4636.37700143501 4966.08552310588 5184.57079623295 4630.32067208793 4082.55886676761 3724.98949757696 3603.31127335667 3569.99264541998 3609.68361752655 3673.64221960754 3739.47932213849 3846.24908279469 3979.16655662211
9982.25685246955 12669.149154304 16615.1736236963 17331.6590834558 11561.5750931 7790.08937709249 6100.59377685925 5567.68246154906 5422.73128215689 5570.73291013554 5790.63055924039 6054.26811465895 6558.92619862524 7301.09726414856
9867.51214739768 11661.7693198915 13881.4961021941 14509.7319265625 11091.9395029144 8316.96830809573 6899.51391634059 6442.62899161155 6321.48686906285 6442.85158037193 6643.32222497404 6858.50615319956 7271.71564953505 7845.73882756496
5427.64049506186 6736.57265776638 9801.67555793504 9769.30267647511 4998.82322271053 3056.00809068738 2350.51022693437 2291.35562483111 2437.92354760504 2723.29962524176 3019.37265874182 3320.26425831607 3693.41664209328 4110.40314285494
8094.57079752177 9180.41458976765 10524.9988874006 11006.2630865961 8897.10081923704 7059.05376023233 6104.6756430989 5832.85783918046 5767.93112170219 5833.21480376258 5945.98730102826 6090.77130399268 6404.21584504528 6822.45806826216
11000 11000 11000 11000 10999.976958558 10827.9837758517 10495.1905759342 10485.7852611103 10564.4136629345 10684.8430156327 10814.0098766213 10888.8119521034 10942.1692129209 10971.7362660813
3162.20043769739 3559.06789098158 4350.62536489731 4558.47780247899 3240.02418021124 2451.71218558676 2078.6808291676 2009.0163777318 1998.79276490414 2013.7899551296 2052.28057303389 2134.67369108594 2314.63641215777 2564.36786740431
5052.04343827752 5739.44856886971 6715.97107867524 7028.06441088736 5423.87968217943 4188.99159678546 3539.82292540674 3356.05770622575 3336.21223761296 3439.64121503483 3602.33245763072 3781.07666029407 4002.20032550717 4229.87487449214
4165.90388555322 4336.42653280315 4594.34614763171 4769.42368205514 4220.36180989038 3722.85618660429 3430.69494057813 3372.94524490751 3408.04793277664 3504.84444477909 3615.02010861395 3713.76020998874 3818.3131614949 3915.71438224516
3138.19054052623 3378.47188822914 3962.78479812948 4088.67362146279 3025.59124617244 2381.80321733606 2080.17083081409 2063.96068926251 2135.72798752852 2264.18466897476 2391.39144904012 2511.31397341647 2648.69439339271 2782.11097989165
4907.01897076555 5421.69842330695 6173.35693390188 6431.10086148304 5161.4635826381 4139.41105945152 3582.37402610878 3422.19584196085 3413.47542612152 3515.73666854668 3643.93225039144 3774.77639736171 3968.75456113461 4200.90333034549
4721.89637674479 5231.71348983377 5899.56515026296 6186.60603404738 5187.50405700201 4271.29470377395 3709.0831168404 3494.79403783122 3413.99852276564 3445.61966853208 3515.53468737084 3599.18935461554 3765.18237547929 3991.38889101358
4732.06106549671 5088.44797617034 5516.83618050845 5773.19171815634 5102.99983114231 4425.27777403271 3986.14014682982 3822.46903634699 3764.57310116168 3792.68324938259 3852.88071814813 3918.59828961649 4043.06597450938 4209.43481683535
14586.1580532918 16394.2934311807 18912.3481824917 19120.3454762659 14104.6204273052 10590.6549238957 9144.01622295632 9081.7242984798 9470.7586667822 10124.1029673733 10791.8733489994 11421.6828043902 12124.5183897316 12791.7077079389
3401.15280214319 4275.85537049727 6346.38242065208 6647.43231349163 3682.72948911671 2346.82870392508 1779.86084125935 1656.83420715097 1665.37789754296 1775.95338563024 1890.80978538497 2017.86276839944 2216.55809583363 2485.35222271335
3176.17890560662 4253.84518603551 6739.82060346248 6999.48085816936 3464.74406089783 2064.00942787342 1546.77762237123 1484.14943175314 1517.50990923271 1630.68935907231 1728.52150838102 1819.34198436531 1976.68758903809 2214.74088062985
6333.16472853137 6159.75220270157 7419.94155103241 6768.87506676108 3652.90524980943 2484.10235443692 2172.17346773361 2471.53053810117 3184.36257568048 4232.86995557666 5534.22940796125 6473.23837192904 7010.66475348072 7131.34418985329
11680.1264194682 13560.0295124246 16354.6412794151 16733.243547448 11666.2064711659 8352.21648678663 6996.13039265973 6834.48057739343 7081.77785107741 7542.21194893971 8034.91530815347 8495.7973086502 9083.48384028686 9729.64032943377
3805.23385743591 4102.46591027697 4655.80543124279 4849.5243913041 3852.55266261225 3138.64285770334 2798.60710526167 2749.14287198994 2763.30867705484 2816.5754223907 2893.32439117795 2995.12734166083 3163.68214268643 3360.24249140501
5051.12294922236 5434.41187338351 6077.0198049242 6306.24280487485 5109.02899336182 4190.018397576 3755.85414299002 3707.96135774563 3761.08187982136 3880.83558901591 4014.82947305362 4155.63470317137 4345.64132317023 4547.52369596916
6468.90812823397 8108.34714775578 12255.5263069306 11658.9743741119 5240.02605577109 3086.01113997356 2367.66483057684 2395.02250425439 2680.71935862693 3083.28557607885 3469.03248039838 3820.89176062405 4267.10151354095 4779.84194406692
3469.01568180517 3632.45061520171 3848.7077705994 4022.38212886425 3670.75818255523 3312.59890143152 3061.30416631593 2964.18676679611 2932.33956658301 2952.01020585187 2992.40891997297 3035.31389774504 3108.14083252283 3199.94130877943
12050.7246743328 14284.7364769922 16991.6309845467 17145.5562371361 12506.5893400482 9008.50365830469 7428.64353331173 7073.82069412342 7146.82914843984 7501.79569482731 7917.45696920761 8335.10582325208 8939.78789889153 9670.94430901157
3831.64648023935 4162.88717685987 4718.45082748473 4919.7006550071 3969.68985098145 3249.65427898155 2865.72876155954 2783.96336438329 2807.05722458011 2898.75217320473 2997.76777948044 3097.46785246592 3232.52826655615 3385.71395958271
5482.55214692399 5899.57641562836 6459.73477060611 6714.57166329234 5677.62717022397 4763.50745768766 4254.47285901984 4132.72368642244 4152.40135219391 4272.897021984 4415.94238667561 4549.09677040619 4724.29605000448 4917.43865946258
6273.06408178233 7122.96687361251 8245.56693492127 8597.78013480686 6803.65918303224 5341.29040965406 4554.36924020687 4308.4074688747 4253.8833021925 4342.24098245676 4473.23115747327 4615.15759368769 4861.94130401602 5190.93896417399
8979.55546042607 10153.4362371401 11689.25270631 12093.7532098326 9361.32427176905 7206.04612872005 6157.97853195398 5920.27557673731 5975.21420464849 6222.21053549333 6512.31909305924 6789.11000989661 7168.96567203262 7607.78187843437
4172.36660242906 4390.47374645284 4698.02080822085 4891.49708481712 4315.76309540118 3782.20155471276 3458.99047952776 3374.74922267329 3382.72664096916 3455.75144483994 3545.56823713549 3629.88487566555 3735.75500123879 3850.2977402907
4057.47506742359 4257.0300265487 4514.54442330419 4706.89912055786 4244.19892073785 3788.83421802423 3492.43020800303 3397.1940018955 3382.22450055534 3428.0989453467 3493.4471694845 3557.42797788583 3647.5845717872 3753.22425576796
2651.91383041295 2910.11724763505 3474.82246145508 3624.68347496664 2636.01022384444 2023.59301970886 1729.92546652699 1711.26107184014 1765.96971449791 1864.91799682816 1959.76158370278 2052.23122192775 2168.20098722699 2290.56569463634
8573.67998294156 9319.65369607268 10214.3641780845 10600.7716511283 8935.44927434517 7407.71790488737 6585.13760940422 6387.26031383947 6419.67099439441 6606.74115194145 6833.46412057483 7042.93253999143 7322.82366977082 7634.8341199105
9597.17659906771 10854.0625191024 12649.6109834062 13001.8900964586 9697.65310236075 7338.02997808156 6335.08398233213 6221.27396185624 6378.79207964825 6693.3816701119 7017.74831367848 7337.10415596127 7761.7932707376 8227.76513169259
3375.53052208116 4044.33751342004 5948.87458083476 5979.28576748306 3027.14131222095 1913.68274386434 1479.87858487485 1479.03228521132 1594.65520394614 1778.2967610149 1942.76764111524 2107.85726483876 2327.37687850786 2580.44855344052
3953.46125101265 4179.23650442751 4466.03654688951 4673.21364672132 4232.53618620628 3774.18084185718 3454.12057719025 3328.45308696376 3281.43652126249 3299.93714001103 3344.24529140606 3392.86997582108 3482.28079404358 3599.16522679461
3583.31269935266 3728.75494006841 3929.87642303585 4101.95512998409 3748.63660797366 3399.69236558804 3170.29835600722 3100.63275851767 3090.63963186396 3127.52876448765 3177.30956024603 3222.86799789632 3288.283209524 3363.10407435445
2299.69638521014 2725.69230270595 3881.76656758534 4003.86574492951 2267.5401468741 1511.48120835917 1289.85593679173 1332.09214492585 1425.35332512372 1541.23318212473 1635.60032328662 1716.10419810786 1804.19202870319 1907.25751785305
2270.23936412585 2627.76429737192 3335.34651510058 3507.13738686264 2440.54739444657 1799.21503816312 1533.79051259037 1490.72908518692 1496.27015777447 1542.24923398891 1591.15544942273 1634.84038956804 1715.7838993798 1822.74094203647
4323.79547668467 4767.02167098375 5371.50858367641 5635.84580053874 4712.6224626044 3883.73934590746 3377.75550867097 3191.77773121277 3130.3678001079 3169.91419565478 3244.30352954041 3329.0246082673 3481.40399573752 3683.63614683643
2787.56533641355 3057.3303871692 3555.57001753695 3740.31176561934 2935.92203072806 2358.14680334213 2051.82493374128 1978.78519649761 1978.25247463673 2020.08841452757 2074.60963058124 2143.9771064108 2261.97086429551 2405.15363350723
5086.95833448179 5459.60786030831 5959.65674416051 6205.11304105473 5299.57429166579 4495.7521834684 4045.2200444121 3937.94131083679 3949.07091098811 4047.21452156931 4160.36749489937 4269.81441808229 4417.01221338041 4584.09879275696
3799.6796049415 3979.35203547189 4242.10976273951 4421.60137842265 3947.34394543 3498.64092580148 3212.64605253581 3132.01829223396 3128.50049807354 3183.4434467341 3255.38996381883 3323.68603507221 3414.37431352362 3514.63241188004
2882.97977961656 3366.99522026532 4478.98758360553 4724.51115202035 3060.20030710895 2139.34335511551 1746.69162528877 1724.71254316229 1764.04539313842 1812.99656732541 1873.0447964498 1928.77285339399 2055.49585695861 2245.2591033426
8117.38863700356 8942.87833215269 9997.82907853212 10333.5307248909 8349.08590004046 6686.18651948339 5834.6051601621 5645.22595432979 5699.26882918916 5917.09389950593 6175.11346611042 6419.46511081443 6736.47575857361 7084.49662652162
5113.28293625615 5540.83187257966 6076.95234858402 6347.69873120268 5466.03236686234 4633.08228960782 4129.75659484081 3965.93878026216 3925.98343166255 3983.24975076364 4072.54682318839 4163.84262283392 4316.26966063802 4509.89782719061
3654.72791203571 4171.81521079354 4968.97048735464 5234.70136918249 4099.9483888833 3216.99047715522 2692.29770109355 2492.81159599716 2407.26457626234 2423.84930336225 2473.3611984647 2544.43629306819 2695.89193901535 2917.08658993009
3608.76041380565 5167.40762694355 8969.61563233696 9193.43176332161 4031.77752835006 2287.45918865297 1600.63607680745 1454.11720043537 1451.836202521 1560.86504474201 1666.21713974941 1789.76602440235 2021.49432138544 2362.3935063488
3280.30699906671 3382.86521600932 3943.65871836662 3945.51722444683 2670.23207307369 2032.38513739154 1787.10695299878 1859.5399865748 2061.76749569782 2360.28165633166 2657.39253252243 2922.64440306492 3105.37592188249 3184.79601588994
4495.98700813258 4990.82592170546 5667.81687037398 5939.58597943372 4885.95484213971 3978.03267872923 3431.35503860457 3236.75184088023 3174.49952989315 3222.65803784306 3304.89164886333 3401.0816735073 3570.01022664738 3793.40446524967
3901.47060767478 4119.66686548334 4421.47803344569 4610.70431615171 4082.46328768174 3585.31225503935 3279.19247117743 3189.85599952552 3179.84583930997 3230.83637014176 3298.46510933605 3363.87685089054 3457.65763814325 3568.89104642793
3331.09235409698 3648.17361439049 4594.81579599537 4651.62513299141 2929.29309369131 2125.27114936459 1791.28127868919 1810.63451170438 1935.55954709919 2114.01444051477 2288.60052006188 2463.36373374599 2661.83730896543 2861.42665768654
7770.27629762833 8430.51240911941 9141.98203676098 9549.01030524297 8404.46491712299 7212.66587067176 6464.21859560755 6192.98183421246 6102.1889825527 6159.27236517018 6265.3757950116 6380.46258553884 6592.19115675316 6871.92110894351
14625.0329637012 16737.1851621568 19759.5351608306 20244.0099592813 14717.690410003 10925.8289044841 9411.55378813455 9184.96528548057 9139.9472311568 9191.33332584741 9392.83701057169 9803.54483682522 10678.2138490514 11864.4023100306
9393.96400091804 11601.9075129748 15166.1952464013 15052.0016541894 8809.30778719671 5846.54483102934 4806.34716516831 4606.4329608581 4391.37476982333 4223.91030904467 4217.74872813392 4352.54434205466 4725.53058137548 5624.35369352416
9376.49724131612 11465.4123136468 14368.4980718289 14903.0430336875 10670.2513785184 7586.29335240105 6108.61307380378 5655.02334815499 5548.99757776564 5688.56108012488 5899.92050751496 6129.26736159993 6563.35302786781 7170.52017977135
2267.02479346634 2817.61946704648 4009.16442241306 4251.34526512817 2531.77510094207 1683.20515695928 1365.95589711684 1335.40614427006 1367.67902248093 1441.68577796773 1502.39086070092 1552.56186201 1640.77113541141 1757.97610742041
3830.57986937326 3956.45872101684 4127.34964202232 4300.38784569034 3987.89706942417 3673.89845698336 3473.39921519468 3416.4157516249 3411.81487724168 3447.18951826397 3492.54212391386 3532.83536862735 3586.87275818297 3647.87995666392
8021.48798632682 8826.10650040295 10245.9830805546 10059.2080268797 6667.86606618822 4925.47588152653 4285.16268065232 4062.16375318331 3830.14406373892 3850.14948192294 4079.11017516725 4487.50000354134 5112.07584199233 5929.90842358034
2253.10518997914 2873.39081963807 4226.90936782369 4436.2166908625 2510.25126640742 1629.58239502792 1250.3521204495 1196.64446267132 1213.65026452117 1284.01464920754 1350.60971769291 1409.67718244297 1511.9299806657 1645.525532829
10515.8305159596 12262.2978900336 13643.9305419007 13698.2414448368 9728.86372494751 6708.35218128675 5616.09390479598 5379.26179492599 5098.39257676936 4950.99260780745 4955.21491924516 5149.00336048319 5603.22265522125 6714.91823438824
6061.02142707136 6446.15214959629 7415.55745451854 7432.56491059938 5155.90046241263 3890.44755492766 3450.99958307415 3580.27821696135 3893.37950028805 4334.30172839801 4792.454668879 5250.56509996523 5608.91015092963 5771.96090004308
4457.86183739718 5207.32963851076 6367.7474909456 6713.7714713864 5035.54354838799 3800.34957040971 3118.88512869706 2876.69949413546 2786.10379319422 2823.09895127885 2897.35585046233 2995.84544508025 3195.73062851546 3479.24994366913
9575.82510225418 11026.4325548979 12877.0239457988 13340.5105859446 10179.2671675015 7697.7916715341 6490.0552917215 6159.29376836448 6160.69744233743 6381.45984394663 6662.00076163472 6946.27594498493 7375.06231374087 7897.18632504296
10497.3980731265 11917.6561433181 13815.7376769968 14226.0658515547 10791.4106762547 8235.68549646124 7105.34962670425 6933.82467915608 7064.54199112062 7372.20324897059 7701.37551041632 8021.0466692073 8453.62823812533 8952.02768096718
7028.17019707661 8415.64468361421 10510.8141920891 10965.9942516403 7697.04054565496 5466.37059925029 4474.72226155936 4237.29973154517 4246.52574865872 4410.51237378088 4605.57444568086 4801.82233317999 5125.70106401194 5549.77446836539
4054.29960098339 4595.83958767558 5766.44736266618 5937.54838243555 3910.89995703617 2796.03105992823 2326.27605200272 2286.19045293657 2383.74858652348 2564.76175775141 2749.05697096708 2927.70576607987 3147.56465030928 3383.04129534723
3776.55920901185 4038.35238482685 4393.86931044715 4589.21021038819 4007.32743701588 3468.7411199549 3123.78000171719 3006.19497672096 2976.37933696989 3016.44649300846 3078.2652735701 3142.62792477792 3247.73617161664 3380.24497804638
10855.3246280585 11581.4035365713 12427.8673783729 12852.3752428742 11114.070852419 9500.00584655645 8664.97441296542 8532.05999739743 8634.58865963294 8890.1358812251 9173.08439303359 9419.73350656839 9708.36193022245 9999.91652623494
5841.28087042398 6387.55988023489 7117.22106842925 7398.52353876127 6113.14625625175 5024.90887247551 4449.82260593433 4318.30011072521 4337.2291588199 4457.52979727468 4597.91459446766 4730.20438173885 4920.02460142113 5142.6846739785
16251.8853464736 16590.1849431258 16600 16600 16329.9702117284 14252.9657069946 12610.6303854041 12202.8153223909 12249.0843410532 12619.7941261771 13091.4802518684 13540.9720490907 14185.7117779398 14926.8438031646
10339.8182338191 11011.9790297848 11871.2980432829 12184.3235415738 10251.7903015272 8627.93106350091 7876.42256489315 7849.30603733757 8054.28278378959 8396.26679964562 8745.92674141574 9042.88335862763 9344.1945817912 9607.16735669665
5342.72965118235 6398.09856753032 8300.87146902245 8601.65005440591 5471.9763539182 3775.21821680895 3100.8468468627 2934.38755559098 2804.23297552828 2685.363344468 2678.35965078136 2728.15716087478 2991.65451017896 3601.79209012085
4641.45221621556 5520.08657229433 7067.90668891995 7214.82904073966 4456.48046213705 3092.92287168527 2575.94963162751 2476.53618222078 2340.18187874344 2264.51604786971 2220.67172285817 2279.11522798798 2461.43244029841 2812.03293071493
6151.40988681414 6425.95556997104 6810.18984887112 7015.76515442552 6109.71199261113 5314.61822644685 4906.72988162666 4872.01175330651 4971.73359722338 5152.16218070653 5342.71465916723 5502.90519012417 5662.47392044269 5798.95519151566
1772.09656725886 2403.8997392557 3889.42922202973 4068.68266714656 2044.71296864056 1349.64044457698 1211.04130142666 1248.85277784825 1316.36129351492 1383.66833903175 1421.8952060645 1446.44716404506 1482.14181080164 1525.02075766306
