"GMT_0" "GMT_1" "GMT_12" "GMT_13" "GMT_14" "GMT_15" "GMT_16" "GMT_17" "GMT_18" "GMT_19" "GMT_20" "GMT_21" "GMT_22" "GMT_23"
2334.14604371447 1637.53803945786 969.186848423148 766.667846773523 924.088461428654 991.113311953953 1095.12980615592 1315.92989408701 1640.41452187585 2016.4070234322 2343.24965514232 2636.97939823792 2816.91928621352 2801.19931523337
1437.03042943155 1392.67694065158 1136.82168136063 823.140898180833 943.023159809048 816.628241632107 776.666457062118 845.473358131318 934.894363568396 1038.19981680431 1116.81125239394 1172.46570935364 1245.2269102128 1315.56731553933
1422.42664847637 1381.88315198358 1037.96453997181 858.651025535687 998.710220943996 1003.23318289158 1052.87170616808 1171.72475532402 1259.92514188489 1250.14483228354 1225.21137779547 1179.24645528122 1173.16333655057 1207.23104760279
2149.33418123417 1965.65633184485 1593.15260267795 1273.73592651465 1502.67021384501 1571.55360997881 1630.43508614247 1749.06619085154 1856.46217382284 1929.35675962863 1985.76921777972 2022.46567591022 2071.54906758929 2118.81942715682
1671.82817557063 1613.85607241718 1383.17648333294 1120.19890077248 1195.09896566184 1106.43172888969 1064.78971347936 1123.25311721048 1165.98984497836 1187.82183084017 1214.64906760601 1241.93901427776 1320.83938854649 1434.09997205008
2045.44044748914 2538.29658426299 2393.49985201991 1576.42395918362 2221.08460820791 2072.97036780765 2067.72443943627 2029.24739861031 1861.96942122685 1632.03207909182 1598.04639290625 1534.00260619273 1502.05575447031 1643.6553409342
1069.91985579864 845.509374056653 561.927840083212 471.887468731074 693.635780105347 750.601071836471 798.929782907572 886.893984565827 978.335238127538 1045.94257550203 1088.14040198826 1118.34662037474 1135.64840231067 1133.35886662147
1473.92468739834 1725.05289649091 1296.30096343302 700.172933860164 946.236238415674 884.983611559213 928.854094843304 1077.50709825136 1110.46799796569 1082.96542764514 1028.3983528638 1019.76362479847 1056.39147704844 1149.33948316773
1167.64041415805 965.026113060763 728.960975713435 472.276721530486 584.512690067995 535.643435200141 538.100903463608 625.63276343552 751.787584741255 912.681790537117 1057.97524494811 1183.37274460328 1273.92656749046 1300.09839049164
1494.09884795261 1229.77992775774 811.306464864864 569.91025159302 747.726166528995 862.881819548752 987.463171255197 1185.5014806149 1361.26671471066 1443.13162279705 1507.58417552522 1653.61000189702 1739.97709698275 1774.72916371575
1419.65903274908 1145.01597594244 859.623936183136 782.684591685979 973.991423712165 1030.4945121372 1073.67024996344 1170.92011256964 1283.84932770463 1383.40245794202 1465.70707900336 1537.40897519466 1578.34150173862 1576.24674931882
1177.53392663101 1267.76720628632 981.175464206718 716.90334451979 1113.95855420865 1199.3634869317 1365.9676054315 1431.67148711548 1380.55648001672 1286.95193550887 1243.1644499282 1234.63190990741 1184.8451697116 1204.27114752716
1927.32129143461 1835.41250256788 1450.40025428857 1039.09431155279 1232.45999419378 1122.50991451335 1138.24435072644 1283.215259971 1436.0535445483 1545.403024387 1623.17920294144 1655.10029693252 1707.817381902 1776.2781537882
2188.53196269136 2177.11506567911 1766.97026760017 1581.30434115632 1936.40684033457 2086.29944134012 2213.69936096384 2320.45764552987 2324.05740853265 2273.07089446842 2234.00129156157 2197.30146646425 2158.333470942 2148.19089961633
1047.3010258671 967.062541632714 837.527699673139 658.078939624837 768.004740574241 737.792554485962 727.432989374918 780.850527953364 834.900663392144 890.974257787672 928.726181714325 951.78313981195 977.896939174156 1006.35513837934
1548.6209895252 1303.63218600188 1017.9155478776 676.932057562594 812.604455573649 806.720441006206 840.345935196326 974.909021525014 1142.43017584466 1334.12248187594 1507.38615453318 1652.92975320647 1747.68708837637 1760.70413637201
1632.61347837466 1395.91968291323 970.410090176324 819.447277319173 1017.60903507583 1111.34411946336 1223.56400723601 1393.04742895202 1541.67506927152 1607.53417232706 1638.01399534053 1635.52303528161 1628.14177180109 1621.05236764404
1093.26967896207 982.255379308417 753.044344232741 974.714144882203 1095.08328349734 956.975937810485 926.418239743965 972.566902832046 1034.79222787537 1081.53677913789 1097.40941980023 1102.77130050092 1111.43320288567 1117.31556288938
1018.16309500688 867.579518002868 560.650363551894 568.078235673595 760.494930740799 783.960654685077 811.068433581952 875.453323721513 949.473394297859 1012.1739398289 1048.49894784654 1073.33530466456 1092.75174899706 1084.6677915114
3102.15176928287 3605.96958064967 3561.7154616127 2306.05310108064 3006.31765289296 2482.28028475489 2056.56481248013 1893.35288359836 1857.03531356239 1867.94872541104 1966.4588327194 2112.55844033862 2354.4601833971 2574.52102074327
1931.45343562058 1221.26736489113 729.760519637347 440.803178886199 547.451599168099 585.39277287531 698.139061925282 957.969210636986 1309.49350786019 1685.60208797294 2013.89824720741 2275.54556665818 2418.1534436816 2401.39262106077
1165.67116985042 1296.7503608394 1049.70521912655 944.636773329578 1338.03494854923 1405.62511859293 1524.21135403355 1556.1031658533 1444.94075741887 1301.60932270917 1212.15886018445 1186.41526564903 1129.838004854 1142.07757132807
1629.65127796107 1699.31278912278 1472.66579178465 1284.43695397198 1638.19892814561 1770.13619619791 1810.58213357284 1783.2812425427 1702.9548867312 1686.04720354891 1673.04413398114 1629.5701559447 1641.43975356849 1653.64621506876
1282.15853047336 1075.34415744136 628.546147963087 555.290472441417 818.23496615189 851.579061959142 885.640524039076 979.472869101547 1098.90031110248 1216.60453552364 1279.52321481007 1313.6271375515 1340.92072897784 1332.66159894014
2888.78752823622 3284.84329398152 3088.65036407427 1984.55303778075 2453.48721364092 2130.38175079314 1894.05935904185 1760.28646128894 1762.67144101701 1825.70760780121 1937.39278601748 2056.76883852826 2245.13265145217 2444.72552914313
1131.61453926393 1097.90990042778 885.842995533353 737.029048422248 883.301226989139 869.121896666253 891.960183204998 975.812700427089 1036.72633319846 1023.56668710225 1009.89535255398 973.868928676334 958.56739761302 982.523117788939
1282.51321622347 1152.05906372239 948.688007116963 809.590790581182 919.890662068307 856.370488176624 851.185303369873 932.259196615122 1031.0425170399 1122.62750484553 1189.83715172649 1235.69721503851 1272.0372827938 1293.63596623453
1232.11150966918 889.592057047499 551.770608082082 412.221763020057 596.018527616972 665.439983682369 735.33533275517 856.590685986708 1001.76225652708 1143.2062625824 1261.07644930505 1369.00246239461 1443.32791431167 1436.02761188742
891.838916275395 984.223257307014 669.914904150441 579.892219662194 857.803852766197 909.321178437197 1019.61314311299 1118.29054157675 1071.05760055625 1024.42162447928 922.514955575847 879.440423961272 860.34623788428 864.344669213185
1219.56640297736 980.610834999929 668.776953363077 739.313253087032 916.789890383868 914.844964727469 945.995540489791 1028.43506391251 1117.97239603643 1192.96798056393 1245.50388362614 1288.01297026884 1313.10375693082 1307.89093551294
2297.12808034087 2662.56309871449 2431.44755659733 1435.52172883071 1941.37096346724 1834.23934527675 1746.37349868538 1633.66362058801 1505.34754997282 1537.83089888309 1559.47497875557 1616.0439570388 1747.53079902378 1926.35304355435
3413.78450266904 3499.78395471263 2515.46329565897 1413.04938613409 1787.1518240256 1609.69190750879 1595.80217764993 1842.23314322895 2061.03345239423 2117.84267759687 2131.7537098423 2130.47951401575 2253.9892449188 2487.07272587989
2063.54298151981 1549.96769814823 1061.3302808407 872.894924791152 1096.59340174948 1055.10287161547 1116.93451458537 1305.31193738468 1568.19895561863 1839.06257001012 2087.72627382874 2307.8525143375 2448.4693394976 2446.62382894164
1053.4980731588 922.301734581992 661.829297207091 542.793675776031 739.117794484815 808.474942757848 871.55992908708 966.275573233275 1023.72417264142 1043.2890363077 1078.41407441439 1120.77332540301 1140.0088573434 1145.62925330821
1173.28127015749 1088.5463128422 892.408230696209 640.364889832987 723.468078666257 645.611298369363 603.34056205831 644.948156993234 707.351836127381 795.119091790415 873.816556185518 941.313448028135 1016.13413108388 1082.74397162037
1651.88719352031 1844.30803096412 1656.78230520942 1596.17915081419 1847.29956331897 1844.60373195332 1835.39111921406 1792.9144512205 1701.42102380656 1631.06752074692 1589.47468750166 1528.95359332967 1503.06903426418 1534.67197575283
1970.66583446738 1904.7206253968 1639.67677292926 1371.58793487956 1440.40121714305 1380.1797517478 1364.33478241983 1434.20719250004 1473.12136992218 1509.57126795925 1534.18142034358 1556.36190170003 1631.39542580561 1744.57958110321
1257.09641845657 1052.02501667854 657.29586409933 582.62649025835 875.333310005064 923.977083618686 956.195931500792 1039.37439554231 1138.08492687206 1226.79297033794 1272.81697093182 1298.40814755843 1320.6390749182 1311.08030347395
1227.86282093606 1084.08576530462 874.134440798582 839.707703143988 984.167620175401 989.21481276384 997.252907790247 1058.05808872561 1134.62240444112 1192.78112271594 1228.81993809217 1254.36641748548 1271.49333319569 1277.57094441769
1569.04612809206 1343.80630146339 1042.13329132358 1031.8000346566 1165.42959149254 1155.66632399727 1187.38397739768 1299.30788345287 1429.27217231431 1525.58629963574 1586.07767837254 1625.71303017849 1650.28677282848 1651.77418596583
2749.31369378562 3089.61348099046 2795.32646893458 1960.99383962895 2306.11629405755 2181.30638576611 2064.65055896494 1969.66765537958 1889.24801532234 1916.21644745013 1953.02404471129 2007.82274769852 2136.41672644223 2323.33278940333
1830.17379454161 1183.52967092651 697.401299074547 515.528416620825 668.285867702957 726.617886104819 817.210493604856 1015.67515323522 1291.70298908176 1599.84477524727 1887.61340604049 2139.2772753444 2282.26104161321 2268.64457122133
1353.76511373671 1276.10748963373 1062.4087380093 817.074077357431 889.80540333697 765.041982469589 706.726216133514 752.080074051362 825.361463247057 927.273680679321 1013.81221450918 1084.24556035858 1168.11975622547 1244.80885805242
1118.36306925499 1054.64329301139 883.327122356336 667.854335670669 738.220619298567 639.330098548718 587.924603960024 623.050529285302 678.695210131437 757.877930488323 825.26635142562 883.704212247939 955.699008123301 1023.2822098166
2238.99547423666 2495.24948929843 2138.20414155325 1378.75400739346 1750.30278485421 1787.09795648896 1800.74982023531 1787.88857992808 1721.10855161367 1722.39794323393 1730.53189058489 1732.34630057965 1801.11727909702 1929.812431139
1624.15839251689 1442.78929325623 1165.76458990976 1054.93873999319 1262.74628479472 1287.20471697927 1317.75948723711 1411.58553105327 1517.65017716273 1588.93866449826 1629.8724045065 1653.97859105305 1669.6778752993 1673.78859852848
2621.05627239867 2573.25253349895 2073.32087878829 1486.79300322398 1673.48437316095 1559.47976263477 1552.84211135396 1680.60880991777 1759.49055144513 1789.86542881617 1813.00488392551 1857.6038067287 1990.20041815064 2185.0077135159
1953.50253502977 1894.17267020782 1493.85741137359 1031.2576721722 1192.03578270406 1030.28190300164 992.331810368015 1104.672391296 1243.30122510942 1331.07229072562 1388.46248426378 1416.6502705425 1503.16371449399 1632.23971238253
1351.57606691804 996.428738243485 627.676383947823 740.927103213645 912.786502866811 865.907381025507 875.567438607274 964.913212091771 1094.54084825688 1245.78268036856 1381.6312951897 1507.22809505207 1590.03757705378 1580.94478156413
1568.62721953676 1471.73388338644 1174.38163672028 877.198920651017 1066.57848899769 1109.63308930241 1149.2371710569 1245.8268206076 1308.14157278674 1318.10686890157 1321.73264207553 1309.66424650446 1334.27837346318 1399.45068556367
1776.83826887107 1691.96305736439 1270.18164876899 804.229532163077 1009.5418891582 807.183435838731 739.666257547633 813.744998052175 942.25215027567 1102.4970005107 1245.11925392587 1363.40344782257 1492.21514129952 1606.92821382354
1458.63501123809 1230.33797514351 737.452682505847 380.313476515031 559.332326420694 558.551745512669 639.551348156244 839.674901684065 1105.28962949771 1271.44445435247 1342.57171459733 1295.82738761063 1313.1850991518 1310.18390683439
1878.9358748231 2176.33538612472 1802.66179579847 1304.68226552578 1522.7307646112 1379.23612989743 1379.8578013161 1462.54007431589 1432.10560262338 1378.83968587178 1304.86003325187 1279.19692878576 1306.96504367673 1414.15556024266
3184.17837857977 2070.57770812339 1096.26884465913 624.185162265938 834.725167444382 968.492445442822 1197.84379534045 1621.98188847888 2169.40002978849 2769.81061182312 3322.51178404603 3781.31937545221 4020.69559513787 3980.95433585833
1033.94202376398 1059.64181572714 892.189773311538 686.952591756004 800.172398214223 618.293313157665 553.115737640174 586.390935350964 647.787881255208 728.472342384542 788.008807964218 825.157575448905 876.024426163444 937.518647987922
1087.15105637808 881.27441401092 571.349709999652 574.727943139082 753.064627634794 767.723900421854 799.056603279578 877.842060376332 970.17093821134 1055.49167726257 1109.7280410228 1150.15004729182 1178.90431963729 1170.98751204852
792.54768614236 732.092528947602 547.107926246776 409.416568115073 581.31971954075 461.039947784794 442.145124572859 480.365800618018 538.104152303965 606.472797232928 656.818066549249 694.42408897752 735.031110648157 774.901064246661
1507.85804951602 1708.92072250924 1466.49455229111 1126.99500783255 1247.11001430153 1178.17492453617 1168.04014490767 1192.59157784542 1142.87203044613 1105.20545903338 1080.09013960216 1086.38031867952 1141.47495819481 1238.76425457012
1491.61176472133 1381.06177858508 1157.28257434539 944.663759924279 1061.42141727397 1041.07044983821 1048.26990279212 1124.98473578092 1186.11160057188 1227.15511766218 1261.84464163677 1279.07648094747 1322.51239857598 1382.44689912166
1670.93442812791 1862.26095470693 1606.00712405411 1303.26170384345 1389.23211344952 1229.29300717789 1148.64778068682 1164.96232078598 1131.76915142405 1139.24156732575 1148.9512915398 1185.76420714489 1255.05122362491 1361.12194637103
1218.11323325259 1128.91586751313 798.433223590904 626.67659687796 886.164580065019 1015.19992881704 1113.09177576633 1175.14802744456 1195.78904447077 1221.94392900828 1364.41878821967 1476.89024681763 1636.19645789405 1600.31600566616
1534.01864865092 1276.30120062514 939.426983978576 741.034139669279 964.80756767363 959.067087099159 1005.29616413366 1137.94642148781 1305.75188150225 1440.93781219402 1535.17962644687 1600.43618634534 1642.49085437605 1644.72667178138
1311.66320950215 1289.13395518786 1116.05699443096 908.932427449613 977.658586100619 862.384673570901 810.137761328069 862.499807741392 927.462372153908 1003.53244752478 1061.89625498913 1099.08732295765 1153.45031339917 1210.3328563594
1626.40801559134 1027.95835637408 542.537355151156 448.736777586177 556.856228120682 561.676006331515 641.735884001729 840.161460536838 1118.80120214185 1428.19177718641 1701.05788853687 1920.21077556394 2039.43192440302 2021.1201174347
1697.51613575731 1565.35120164604 1251.62894648047 925.655890146377 1138.68999398693 1181.05749056166 1236.0977162385 1362.41843529051 1470.11212363695 1533.02664188016 1567.36393152006 1577.3465077367 1593.07879461321 1619.53943375809
1692.80984132534 1241.0249806668 861.277420810819 477.455070425482 619.480304900378 657.517234080863 719.693211834503 879.483872454849 1084.46201696905 1355.40199978624 1658.86125516554 1942.58646916491 2135.54095271207 2147.15836337766
1887.85726308943 1714.16798293582 1286.7647295471 1345.56562631178 1535.49506355011 1604.46938326661 1692.21066027599 1824.23863433865 1913.55189470143 1923.59524215969 1911.19747551043 1880.64343532839 1853.27888648551 1838.19480898549
1653.85529452553 1881.82118225389 1714.35474911581 1500.62739400185 1809.87390239226 1833.98624631407 1799.81324998108 1729.58753319251 1613.38249649626 1528.34099196321 1478.37226343545 1415.53840207129 1397.31228930756 1452.78373555806
1484.02487168744 1341.46187098092 1114.33275438281 964.961567543912 1083.23383149008 1083.62133475363 1125.41457299059 1238.93504371598 1339.62578372079 1408.46489015779 1458.67352634762 1490.90170190729 1514.26472088749 1522.36319126497
2182.9141303533 2321.1317375258 1868.38463091968 1740.3775164573 2204.46435062723 2337.97707984009 2504.555220012 2626.74130929471 2576.22364428658 2429.27562962167 2263.90034311571 2168.08819391416 2080.2104001142 2066.70030155134
1083.79217822481 894.908364105056 595.690497519903 648.507090292398 824.862255790067 804.713733967158 821.940884508472 890.886391000736 972.953288095598 1047.83696022704 1090.04781467272 1119.25917239582 1141.77544039001 1138.84969417545
1468.76132835533 1174.27143926085 828.553998708361 691.966442241266 884.67952534892 941.811888754919 1013.60462197418 1147.10707801143 1295.33702631965 1413.78482913557 1494.75618130455 1555.03189388912 1586.674987795 1584.89449675418
993.183385567396 978.35547299783 864.472564404304 761.857656313349 874.387974005195 736.385866525793 680.430008419362 713.564902760651 759.571820526289 815.071988926741 850.203563641828 868.427657672 895.366727950441 930.584895106836
1465.06167882463 1431.20505981469 1128.45830867955 787.406692156254 992.990473260713 1041.26717451289 1086.76039600116 1183.00029377045 1228.21279556844 1206.46274816178 1187.47169729862 1159.93630546982 1164.45093631247 1216.74671885412
2552.46902727987 1986.43078853929 1216.50961864461 759.144598502954 1097.49894336883 1010.94202992017 1097.58174833689 1350.03413433512 1728.43809155811 2105.30679902098 2407.41081755276 2580.60768401583 2666.86699486596 2684.64854468694
1651.27361681428 1460.6784345972 1124.67746169129 862.009117978972 1002.16682176328 1007.78006167392 1051.05430652897 1179.68425918306 1310.28089183542 1399.2778567581 1464.23246876975 1495.75778185782 1542.78543342384 1597.45493750025
1923.92182867434 1673.42827401558 1247.608321965 880.631249438302 1057.68313468174 1061.80280871345 1111.77078650242 1263.41518040499 1440.91608472605 1598.85035532451 1732.36021660683 1828.02803217734 1918.1533784864 1966.64876557681
2526.34536051735 2339.31371019055 1684.34635775595 1204.4443947347 1610.52037123195 1674.00134190668 1810.81056664445 2067.63647225322 2308.71984852135 2407.52613694277 2425.64400143824 2391.53756645362 2365.78627538639 2367.38335288631
1729.68559745561 1504.60904116647 1172.3832292537 913.670402795861 1121.50715830666 1203.51943182896 1278.95050738733 1417.49544050499 1555.72055421838 1656.28628734534 1722.23466982562 1764.31487868617 1788.47679670183 1793.31711565402
1253.32633584532 1293.72923028794 946.02302725104 725.048035992416 1044.80558628317 1156.06557653385 1327.55211753698 1467.89923529462 1436.29069226024 1378.69033500585 1285.34725458355 1267.71695028914 1237.68907380964 1242.42115541904
2131.71720392931 1981.37474260371 1562.12769203744 1053.7371987721 1213.99703046386 1107.55331360304 1078.38597951016 1197.45918033027 1353.76594551316 1518.20038728833 1655.2651388366 1763.19134879416 1882.79379277435 1987.54230308934
1674.58304742265 1385.1485748404 970.24768178965 731.823214211993 917.931088276259 823.585874509553 861.404228707834 1018.8584514376 1240.87199126776 1446.84830779384 1604.25425222237 1707.20097263782 1771.72459777494 1783.10387625547
1748.57572787084 1723.47816350395 1463.90508478421 1210.06562813291 1272.06754354516 1189.9931980844 1167.13986632881 1239.74726662558 1277.40916207749 1308.93692432747 1360.07834111028 1401.00621396012 1466.01590168087 1541.48478132779
1688.56644174495 1437.38967106431 1107.84777837141 1073.84653924067 1303.79888877761 1384.99383585557 1441.36188461942 1534.76683831814 1624.18222044763 1678.98327311616 1707.05005272727 1721.85899270354 1728.5079345545 1718.56545675524
1465.61010196572 1479.44522223865 1181.90977780939 1216.43876682792 1359.65619636434 1389.17645833017 1436.04841792031 1521.9069864424 1548.20955749256 1494.98353742068 1432.31592928108 1389.13473112789 1357.48791171984 1364.21745874837
1259.54091431524 1337.67989685687 861.561273750281 667.935325802112 989.386005410644 1110.08943680479 1284.42426406498 1486.57892842433 1553.85540252808 1493.13255404155 1351.86319809075 1291.29836331125 1239.52872875954 1207.1994658819
1728.72411698945 1533.47307138264 1144.9823750922 1022.63064091764 1206.26905052986 1323.55898323846 1440.8900213498 1589.82340969917 1694.45940717097 1730.75181395092 1744.76456380381 1759.11140985999 1758.86678029794 1749.12968630788
3042.41268807315 2962.98493105552 2283.71878746377 1453.24417073015 1729.76002463352 1591.06617317628 1581.84599327947 1756.35209851477 1893.48110874308 1965.37754947683 2023.09492345945 2099.24604593305 2271.22176272851 2516.18000683053
1836.64545597388 1672.28817766832 1298.93280484507 1198.56840209652 1445.74766791642 1548.85580250925 1626.01781113641 1738.43005745467 1823.25032866022 1855.00208256605 1860.41774060597 1853.74179609758 1843.22612242858 1842.37060134561
1790.01465058911 2104.79624011566 1738.17218757681 1057.63292676802 1352.69622649366 1263.10472440804 1318.80820031378 1408.37794064029 1358.07039134838 1328.20107845585 1283.35580970128 1304.60608819782 1368.36321288183 1492.69885726703
1674.1721171858 1703.35925543974 1370.4368934064 959.139285694738 1122.13297827865 1100.96369333429 1131.14883850301 1227.85045342905 1255.72558485121 1231.91295963048 1218.15651421215 1187.87916318586 1207.95862343887 1300.51164423826
2095.34688754391 1872.38168735161 1275.15930455687 690.045015318374 943.041331140927 740.719833094509 708.798798403569 818.303070736338 1002.23056930605 1240.76836544866 1467.78492241473 1663.22981247361 1848.3774393878 1985.8084806977
1587.52237269094 1374.90483560643 1055.86423746644 702.16880516787 870.941481294433 925.117312994333 984.015559593453 1109.55673659293 1216.20405682365 1288.92536754351 1353.35314813552 1403.66667617139 1471.38914630374 1538.37014416915
3570.27853467189 2592.56742922354 1595.99728860409 721.27257322131 995.782643621144 982.754922251325 1100.84202184791 1380.98115991232 1653.76199701702 2068.97468451509 2628.27195961293 3280.61033054078 3975.99612590147 4257.58445531944
1679.84547934413 1680.50095741363 1439.77093271077 1197.52315346638 1258.39917414197 1125.77426665454 1073.5836088508 1131.97199403749 1158.46238779355 1167.11306454751 1172.22183776154 1178.0431367243 1244.67585229945 1365.87175139587
1153.80524761713 982.293355502073 731.17050103117 460.014620005419 627.367629765153 571.465920953519 583.721877790297 678.413113821722 809.287733788432 962.257176851479 1092.47524364479 1201.56955711645 1275.53843402153 1295.37662993309
2240.70793511553 2612.67225800207 2269.6362016881 1502.88029117162 1838.4487751345 1685.68868649298 1642.53214606368 1614.99417099568 1536.73142595975 1535.98596280678 1579.77693080294 1605.08853786474 1685.0270036931 1845.73802162599
1534.15121094208 1400.2615190302 1033.63419837522 616.368649293044 749.815507056744 707.856531101202 744.27788785211 897.674444048214 1070.25230812565 1216.50578416442 1352.66605693392 1462.35818497866 1548.89716549043 1578.96708134733
1376.24029659225 1198.90520112097 812.174690268041 755.549772630345 1046.02091919196 1122.43939857393 1162.58238437644 1245.69835731758 1332.28149728666 1396.22000027886 1424.73271292798 1443.35520786037 1458.89515761885 1450.48807912565
1028.54668076021 1035.75880557472 888.130897814104 697.953494117536 788.721256883803 626.258854320219 552.715384771914 570.984877914467 608.70658850488 674.245130416636 728.441063575028 768.113787859167 824.995904668782 892.303065595084
1084.75293158069 882.625104806087 594.508789628261 564.171249584779 770.935289655258 790.807159498745 825.033189431479 901.885232610372 986.122098112544 1058.05944024948 1101.02007697858 1131.74516611366 1152.29895421586 1150.21972826698
1168.26476250016 868.265782095642 566.528181282649 437.506037737039 628.860297604772 697.862693509612 762.737807497983 877.431759371174 1007.38221580656 1112.95225759711 1186.0696275484 1235.0982585901 1262.79402170795 1259.25967952701
2012.42711880394 1473.91964881105 1125.5433188514 869.125634736758 952.837297659784 916.669618717507 992.819852704761 1215.68951489467 1496.66456302428 1803.91331640807 2083.99913173982 2304.52444168186 2431.87078048561 2419.73859809533
2379.05336756294 2835.78964667296 2134.49939327981 1229.64371519351 1786.11713414482 1799.57896301672 1980.60204713782 2291.00359052011 2338.05520529402 2246.63031055877 2092.98636164108 2053.9102290398 2029.09278761947 2092.63499947984
2059.37906234897 2318.92351064524 2099.69402951877 1555.07641970388 2138.73284782108 2261.53929235849 2330.9108033727 2311.57564624266 2200.08932138919 2101.0435187405 2065.12722785714 1978.58994427178 1928.71136911113 1951.79975988789
1172.59265749635 1309.25372655173 1184.42365022992 986.861989927712 1152.67792403923 1139.28559819074 1134.4033948607 1138.70489220764 1068.26029393808 1007.50992049512 950.509794875029 925.957911568289 922.764882154029 978.299954734764
1818.36340973054 2112.97189328243 1886.81318689071 1279.58586265279 1621.64915616545 1551.48141453279 1484.06943097914 1395.1769410916 1283.87917680938 1284.37544886035 1270.59287378932 1278.58387818551 1363.58640695308 1497.99292643665
1204.70198576101 1078.13490746129 755.383597277927 818.279182093905 1068.58771148392 1091.44097308 1102.36793652033 1148.5818211574 1198.82248030614 1235.3357710003 1250.26891552733 1258.07424276456 1265.07340914733 1258.42821002145
1313.98179344034 1051.54257900968 746.912271534419 888.606451111665 1004.71678288864 962.930096358146 982.267439939879 1074.36128763442 1185.18014337833 1265.99088400455 1312.12411737082 1342.62331011281 1363.8289603945 1359.30797419485
1167.21656719144 1162.27916652952 850.359533751775 648.623614007747 936.457080289051 1069.43783903892 1178.33149683827 1242.78082975418 1242.60611786142 1236.75358729471 1221.85224010731 1218.23594638397 1239.27544221691 1200.87553136094
1319.74838137286 992.192388578523 653.907223189763 477.177466870519 678.806595024804 763.457614075257 844.217640930557 977.649725662826 1124.03809253665 1247.27661825597 1334.06983064159 1399.40763983537 1437.50800838648 1431.92716082416
1780.62474999681 1655.37645522328 1235.43818320516 742.590910026256 896.741366768286 880.169683992782 905.217866956238 1030.5213998295 1131.34191182421 1166.53054484513 1185.69881315804 1210.2495067227 1306.61369632941 1455.58879283313
2890.71854588521 2790.90371013077 2093.28712464069 1328.95095697953 1625.92248964814 1344.27753549273 1257.16324561445 1392.69118260798 1610.10999690045 1863.49650154825 2096.53879276031 2286.6549859061 2485.26449727121 2653.92942671529
1724.93811547903 1395.3358249281 920.246507205763 784.947926797056 997.819134240312 1035.89680754354 1110.49387420465 1257.96826941347 1439.71900421384 1602.21638375432 1701.41464846608 1769.97692768624 1814.47238444792 1807.76100620311
1921.74756639631 1667.61365761265 1228.26022512391 732.653122329248 884.251461531937 910.631874168515 970.099620474257 1127.22977628543 1267.11094705148 1374.54657752641 1477.04638511105 1591.84171573833 1747.79622514078 1865.09819680463
974.775217188374 959.474063281351 850.015685021916 747.985750223406 826.037405113243 722.975760520708 658.151746675183 680.249329285339 712.190410707659 761.4436527234 799.266958092171 822.639754197872 863.935533718601 910.65795753711
3376.34755626823 3908.4712677916 3498.68595887979 1946.72762628336 2625.87373364135 2344.87396974379 2213.36825030147 2195.96973400722 2164.66175718509 2216.63696681348 2369.95947764403 2390.34319104143 2510.82472210423 2767.61200381274
1086.82214463271 1159.07210657287 935.979465043061 753.703122920991 1135.85342521939 1243.52666364293 1314.68261071749 1308.27698838763 1236.29009061458 1162.37950316718 1139.18516512684 1087.21857921901 1050.00090224429 1055.35974522294
2760.31345989457 2581.07730170355 2070.02059960977 1456.90419338024 1645.78116338593 1584.18608995876 1593.21238391539 1744.03715262469 1885.17826795613 2014.64971070257 2139.35665521979 2265.85597496081 2423.16822621684 2574.98637756023
3234.01942740478 3248.01843181429 2757.95172601887 2115.4727618187 2321.99500356965 2205.70357437159 2161.12963712268 2213.28910796494 2194.07156437869 2205.31329124569 2256.48616965175 2327.63836898903 2465.6315086129 2694.4212617835
1805.4280063976 1700.24586531264 1416.35474780655 1103.92552564653 1195.66092000001 1156.71763935414 1148.01812309227 1235.88046897851 1307.15662272017 1362.05615187726 1403.93784652486 1442.77306575435 1524.7317299254 1626.29086457381
1735.93063241603 1795.79524168777 1482.38374056763 1156.17337245873 1398.56136946497 1452.46842037483 1485.63061685137 1539.60874100699 1523.45199192796 1465.16100084289 1431.71786425384 1403.17877099707 1400.67154280646 1453.29639116375
1088.87045267046 924.272082045284 577.070862471484 555.584909469728 826.637508058247 844.096289951795 860.298969668015 922.78462803321 999.952921269714 1069.67799262452 1103.04876530858 1120.03322846197 1137.58806286593 1129.55460940612
1652.22682492565 1279.83223094498 801.554175204893 775.310569397095 1014.67935594549 1031.42512629041 1070.50961038304 1214.47130405995 1393.1537259022 1559.58196894303 1662.98616481909 1739.66690730933 1789.92163124346 1778.41844637598
1181.1027706815 976.264770031825 653.845605053499 604.709809416578 850.362266806816 897.48907408241 937.010681389159 1019.09168483768 1104.3658908723 1171.28225940867 1210.95368475534 1239.00276843883 1258.88188652502 1248.95357704694
1234.99443526892 1042.99585644794 689.241817257295 585.79032185792 873.011575231492 949.163241543695 997.815734158927 1077.88050243168 1163.05335194126 1234.45523306777 1283.92018548475 1324.42506887829 1349.25054115551 1340.48019523996
1057.56477611976 837.493186292089 646.413466593451 511.719296164447 656.460920849151 653.337670844623 678.031991968554 767.27362021593 877.93757554567 987.758887834702 1073.43857293175 1144.32131366486 1190.73999178201 1196.24336941272
1576.38214059694 1509.67481958975 1233.25104765743 930.102571542418 1065.45637089682 908.430991069674 868.809539648299 969.492252279539 1111.96740277473 1280.39162236033 1426.12373794821 1541.78451157036 1630.44269282371 1662.05482100148
2959.5944923279 2867.49049438073 2030.02839084507 1150.84910744333 1475.87354309766 1391.81251789058 1453.43144906281 1684.07089396888 1903.61528880952 2004.37543104896 2025.98497759428 2023.32490405373 2132.02759670577 2352.23241361736
1639.56410909998 1236.23671485283 777.741941854853 596.359211336117 773.683902851119 808.191871764279 889.002507115162 1057.88024732782 1278.13837317584 1484.46824154711 1637.4762240535 1745.96285507407 1810.33695555204 1801.58703747639
2577.69832858489 2297.35321529827 1588.74341832643 879.449085399255 1172.36342061503 1240.35750811103 1366.30629794641 1596.98173801408 1752.39648101476 1787.46460519634 1917.56448221261 2164.85560187715 2465.66464053582 2634.13903288494
1432.79252715237 1219.41583889327 885.679785418873 946.676959850844 1133.69644368799 1175.73818152517 1215.07294620701 1289.38364508835 1366.66774838455 1424.01202472443 1458.44771028425 1484.73401447204 1500.41846429841 1492.28548069338
1259.79866082566 1248.32964386765 1075.71297789723 885.214306226578 942.00063660078 798.751032810338 713.395157989878 732.877505243072 778.607117924252 853.493672303835 917.134481864458 969.07463214296 1039.26931185023 1116.19728094213
1417.44576943692 1356.76453109127 1165.75859801271 919.047112261037 1028.51157906884 853.999058922877 780.038316961313 843.429914079125 967.248308937002 1143.64685982942 1309.77287349175 1454.41768080562 1558.68360845165 1586.88736599027
1045.82362951713 1108.96318052503 874.09208005028 992.406285291431 1205.78119918284 1242.22231812799 1268.88747646129 1265.41856423044 1204.92858979994 1139.56840149972 1077.09597233072 1032.23016898099 997.696633180793 997.339084299309
2560.1057027112 2262.20423540387 1708.4267936725 1076.65120480476 1263.00528305859 1193.30006623764 1201.15662800241 1377.95395806311 1611.70296392326 1871.98850118106 2112.28841233897 2324.93168946765 2506.67846315722 2601.36956453092
1771.37685320879 1483.42975327041 1051.61996572249 671.277319328392 843.402216265374 877.580649850151 957.596212856735 1136.79571305058 1340.51149548778 1501.7096376766 1621.80331614468 1697.9098801591 1758.15116138282 1793.69653815622
2025.20490377869 2422.73703349203 2226.28437193768 1545.61652121858 1903.92757926456 1642.28428010211 1474.55573172964 1423.21476652228 1337.88150526596 1329.23772811323 1376.19717308461 1343.86571534089 1427.89189337263 1582.38826502833
3208.20873644098 3325.72802524611 2366.27133258943 1273.51388962102 1726.51977233986 1408.29437421346 1364.53731962309 1603.91361810268 1928.58753101006 2104.64506434984 2199.41150982279 2196.56791874038 2274.45168580164 2457.2969632221
1592.36307679094 1196.27279478944 776.156041162424 502.663139771457 719.316450547403 856.037858569239 972.897647325113 1155.89172516297 1347.83329134264 1494.84492966513 1600.43458550201 1669.88995274521 1709.58748751227 1700.41990019523
2246.50217892209 2264.12957674243 1722.70864302853 1015.34234950435 1249.67987696015 1234.58779529027 1272.83008126972 1328.07576456061 1323.41173972104 1386.03977739649 1584.6753978261 1829.74882258856 2113.21948253386 2258.16243858853
2312.57506922001 2138.53757818523 1725.99136000601 1260.56274879255 1399.33211563197 1399.97452819473 1436.18868114214 1568.68970120428 1674.7079311518 1763.77924496993 1844.17334169 1928.59237356501 2048.41581998999 2169.6060520418
1990.20264655571 2467.8475354509 1942.97321212012 1170.39826669366 1529.11067788772 1253.05105775182 1191.18594366765 1321.87552157206 1371.3115140966 1334.67771950815 1304.11776490723 1301.69472587454 1360.20166064794 1498.65882740537
2055.8492721005 1800.55249656993 1247.43332662401 681.52165858417 897.239130951904 804.132388350545 819.18071761964 965.987709688054 1176.18580106328 1397.17825179846 1562.10264994885 1677.70030961418 1804.34843852874 1920.31509489846
795.254700273667 780.113453596367 698.191338416411 598.854593514665 682.480222790631 591.23112824625 527.536016249104 540.577081493269 565.196263710598 605.489075432687 641.672439940862 662.662606431857 697.981200434421 741.36442887889
3287.52516294601 2569.78665912309 1577.03799858145 988.798990343372 1247.22262608992 1459.88229144796 1691.83975798207 2096.12254582607 2606.02314428955 3002.68347158045 3253.22985874035 3358.9327379973 3402.30257013426 3367.42641809734
1899.63097844098 2037.96064028802 1732.06833798809 1360.41212341802 1484.41862955823 1423.13348458355 1371.93178136726 1371.14852237402 1304.88721072693 1293.90049001235 1297.33865890651 1327.99645712898 1392.60693769379 1499.0057302519
1980.2350373443 1728.41958528901 1353.87083580741 922.175170199761 1106.93169148381 1165.89916146664 1236.92897184591 1393.1204863825 1548.33226640013 1696.41972544263 1822.54816971426 1925.42752972789 2010.93526034444 2051.03976267311
895.456345740871 879.032839053177 748.482572751523 575.018963865736 659.88957542317 567.453870078083 517.004793210524 540.040816514189 573.530210979322 627.923551237552 672.750865471383 705.812732320536 754.838581781829 810.943281198218
1700.1813891108 1600.95245115349 1274.3962415871 1161.0137916731 1454.32517221386 1570.25081874619 1642.0127798907 1717.06927196679 1750.83731189552 1738.19159718577 1713.70273980667 1688.97907595841 1665.70754263441 1658.41521548414
2516.12189971721 2548.05190659127 2193.63755272863 1764.81131188496 1946.46435962375 1975.73667537903 1989.67257724913 2019.83769108104 1990.08976361502 1979.41388077575 1972.51677265676 1964.79246988855 2015.71374543246 2129.0934214846
2183.54837143859 2018.24509770209 1462.72319988928 1026.76109692631 1252.47738175109 1118.28327477244 1124.41237879322 1271.12304047306 1462.69741398322 1646.78663926915 1802.04920501415 1916.47612328484 2030.10702050794 2109.85715532871
1371.51022312396 1177.1199257075 801.335797039531 741.814499719696 1022.63350709308 1098.95504141528 1147.1595857864 1231.5646241129 1318.93879974266 1385.1027238882 1423.80602349736 1451.91169309927 1467.80999029396 1459.30531613731
843.656927482731 734.964976856042 582.791498844937 491.77734058483 624.659965994722 598.529778545821 604.02067342845 659.294773342541 724.575622098614 785.441864118864 826.617407564916 854.921219830462 877.77440341664 891.277395462748
1093.42154875818 960.907348623237 783.412617708948 990.799386833967 1079.30759515388 1015.99346166179 986.149567161472 1023.71197470267 1070.92839845462 1103.19419644849 1115.66425448536 1124.03078710435 1129.75475731388 1133.26070310762
1580.76525259014 1531.18492473433 1240.78204066765 887.701062701981 1023.33044191632 877.784501962128 823.255799899504 881.971396233917 969.596835835219 1080.69944910186 1170.48492349001 1241.18721464286 1331.69975546427 1422.51188580187
1364.97379104905 1040.77204614213 770.728312434605 738.120126327082 848.09253673662 866.263063821628 899.273305059257 1000.90231773992 1139.8058487715 1285.47916072302 1417.53239712617 1536.40269952909 1605.76074701393 1603.03913177586
1968.07761544156 2312.94070797225 1938.8724877665 1243.96822216249 1575.94416591499 1373.68033041814 1321.31530476789 1336.0142050787 1305.76297723628 1296.06940221643 1358.19397964354 1415.13988163168 1480.83256109557 1637.53353106273
1209.83311939838 1201.19782600073 1015.42920014473 814.122037613006 920.21155186232 855.70832457639 838.700069421542 887.794811163323 905.900926105843 891.773866230175 888.452939119523 865.442130053037 889.00815837486 967.974466463268
917.274634692351 864.278450293042 757.378984984567 664.298145130021 772.753370854474 669.908836935464 621.021174832919 652.813896965161 699.2600282235 756.013640686741 796.214341774206 822.971620960759 852.574801498397 887.127802803362
1897.51582003902 1605.54050403183 1153.83185425103 991.084157625791 1207.12178908607 1255.20826803445 1342.7484420798 1518.08190661497 1707.59770500634 1831.90515404907 1910.46323071091 1954.27654342179 1977.52317281469 1976.10157048699
2212.34952097363 2630.9064974994 2270.01931522137 1220.66771322072 1734.46232637689 1517.83612343031 1549.68615467176 1579.0653647144 1551.59502535152 1507.00582580169 1565.88440958595 1607.38043714263 1659.6822428404 1829.10672085158
2577.10062656477 2303.48812877062 1503.95154716388 844.54099891574 1251.80777152509 1184.29156525148 1311.79198172742 1644.54974498429 2070.85316980448 2275.79360827139 2378.458540189 2341.08258330003 2313.15438025737 2330.15571719517
1209.91712779519 1229.91070271467 1083.39780233219 893.654869944529 966.51988637946 803.557704886248 721.811611203327 740.382328002739 780.180340053604 845.25641978538 892.134946213825 924.501405703648 980.781576172566 1047.89081356089
1666.47883691575 1405.54727825066 996.427892299983 839.320285818343 1114.79251941293 1120.32313318303 1179.59609363157 1318.50493523054 1480.86988330836 1600.73721318077 1675.93754780955 1725.1977842791 1754.43840866649 1754.50481952437
1719.29669358196 1927.71986722755 1731.71071315351 1421.64245170642 1567.1695587307 1445.24219235884 1397.47409984007 1377.9554618188 1299.51026592362 1253.71437150418 1245.8611265018 1244.94311709938 1299.17537218024 1411.49717065399
1767.53456115958 1372.41636849505 781.552232161978 445.398641004945 628.419857849155 670.030179341639 775.565770607183 1018.73362181737 1359.71624766866 1485.3488740703 1545.88845677997 1555.49666079666 1533.92292098084 1550.01124807985
1851.02370900397 1451.92933917526 1040.09157302417 848.887480712035 1100.77965136243 1231.01509848233 1322.70761877887 1476.08673423536 1641.32014760622 1781.53099123418 1884.0084859325 1967.66290718432 2015.94789474762 2003.13868129089
1012.6503872257 863.973792366218 670.388192806171 562.74702106692 713.735931194963 729.155777064233 746.902621129246 810.258188135054 885.961277478802 953.105632718417 999.800876593551 1035.71791907578 1059.15627978151 1068.72790677136
1059.13398950004 912.961279206844 597.851086314864 556.818370277635 810.047148483363 854.652450444886 886.03524726258 946.511034298463 1012.01806147063 1065.90555278042 1100.83759605707 1128.04575349472 1145.82800606768 1139.44735232328
968.754469772827 798.602875370806 616.027108833365 465.158618801414 641.454597356173 627.717548958952 644.349834628472 720.259519461633 815.897225338201 902.031580557393 956.909255520671 995.063909106089 1023.3918501246 1032.33468617295
1116.54603039532 1078.77493867767 932.963643132208 739.014159823574 871.436186671621 801.374395876377 779.458957432711 831.514954358079 887.397908468064 946.58767883333 983.157169516469 1001.98474260199 1028.61502327205 1057.93046878775
2695.49405636663 2600.29631020167 1836.32521840057 923.917484687704 1236.03478478127 1187.89671041495 1239.71304119484 1377.43630520978 1378.93950413844 1432.80071283501 1777.86505096147 2242.70533784948 2653.81958145987 2800.72945698406
1591.20508960137 1836.34544784908 1630.54643646636 1231.06570125453 1517.96358611257 1481.07435066761 1450.50952244419 1408.82226326091 1291.04971416104 1222.71564611097 1205.89453824741 1170.97597908393 1192.28826133212 1303.18716177782
2904.76142266899 3465.55854600968 3361.54897782603 2174.2891250872 2769.41417682193 2387.1002718881 2165.86916028082 1937.46779160539 1847.77896843384 1825.4442832961 1881.22291776782 1964.36051176213 2149.67266305959 2369.08676803705
1361.14437853072 1234.08914735332 983.025819720989 715.665511103261 840.308056218103 742.844327689668 752.863292222294 868.507187651704 1006.7372616975 1131.18832273983 1220.88239308934 1273.45245333708 1320.92974759366 1351.24381372143
7122.58065189168 5611.64368648102 4679.77394075053 2323.00244354828 3281.25225792751 3004.78811372319 2784.12284420559 2717.72186661444 2878.28059468446 4261.70939995067 5719.79324962929 7558.90112079842 9192.21844121692 9685.46373195163
1752.70082207358 1745.19715568325 1235.74630792791 973.885311454504 1289.47737601285 1432.24850278068 1582.8397593153 1791.76184859767 1914.63675341128 1841.11885553436 1746.86921030579 1649.98483550956 1587.55763871567 1561.10128578175
1303.206630156 1105.33964057072 785.909281535237 578.363057084261 793.137035278417 908.312018695102 995.155781370171 1123.3691062614 1212.57953868125 1251.0600258314 1342.01391959453 1504.92740793872 1634.4330784336 1580.78614165277
1040.6542982022 882.592413665043 721.353773077459 568.098073235544 711.30829617926 717.683949575043 737.477802990957 817.39630744335 905.384040627977 983.25216628424 1034.35313996063 1067.81732486339 1092.70581587572 1098.72865003971
1343.53424436841 1231.18807301155 957.483859462103 639.746200051897 788.440015650093 690.632146395354 682.848820187275 778.255462434723 910.115651538358 1068.55197428515 1204.79484853003 1316.3098619622 1403.22355971015 1430.77688721137
1464.04198256103 1194.63554722385 864.87719728933 542.884184033371 692.960111873314 724.861302531551 773.40411516706 904.515681325212 1057.34274084817 1204.62960706395 1336.533441373 1450.02175861786 1548.35052573862 1585.44799747713
1741.84308447366 1399.3498053003 844.509909646892 750.172924783378 991.904467846744 1041.21311300811 1093.51285201475 1229.81150748024 1408.13760568821 1599.73951525155 1720.68660675635 1807.50728770888 1868.79880432028 1863.84830226275
1778.16685972144 1689.57458981828 1313.03738169119 869.194093355419 1052.36175711805 955.605427671302 963.698320242058 1096.09535434095 1239.76955853598 1336.63753574113 1407.97789496897 1441.99767874834 1500.94084106033 1576.77129711297
1978.54109820036 1490.30232445294 1118.7757237276 827.942599789096 1042.34542605329 953.773950313268 984.037244308691 1151.64693483846 1406.77665112453 1710.05098219691 2007.25695391304 2267.88308437122 2435.72516678576 2438.4092041334
845.990434879388 751.637003998374 591.032130167213 601.579771416076 767.440430087302 758.274792308466 753.888189665106 784.150892698886 823.925705787432 853.740630696016 867.369802172893 875.633182643553 882.650170042689 887.308413518669
2233.24431967754 2659.25560191616 2005.45059272902 1023.16001008463 1519.85643856993 1233.80392180064 1239.24958175147 1447.99787224195 1394.24392068186 1480.76336381038 1476.36589889293 1568.82428336016 1724.33706713717 1893.43940453626
1778.9616501881 1760.07676040793 1338.65844549401 860.561405257918 1121.20561594438 828.623530846485 733.257167698255 785.54219634064 887.98276950169 1029.07610664488 1161.88195639491 1277.84844732357 1419.04926407732 1558.8380046307
1006.27222441629 879.986088069205 682.994471042978 560.692711937185 729.701039357165 575.913785595149 562.85756648973 636.444432672384 745.102520911261 866.155304859084 944.712247326061 996.427706387095 1039.67689622548 1059.00334783302
2146.15692318678 2131.85702097472 1789.75416613897 1545.94756943224 1739.16542044148 1807.06155084697 1846.42566442708 1906.15777006309 1917.25791553743 1889.75845592401 1871.84080887441 1851.93344432505 1858.25609146278 1918.47065470764
1340.51763381765 1259.29152412526 1029.98722089536 762.33291735496 879.330184846036 801.126198680429 783.350519451946 849.511703357974 927.498687644331 1016.92436676897 1090.39115131064 1144.59036558484 1208.53809551633 1267.7164761878
1250.83124384701 1030.40083752614 704.520242119214 724.864309038302 906.407930508621 941.166278297077 993.032952514606 1095.88874205532 1184.98588996438 1231.02810561111 1256.70213034693 1261.81875729745 1259.162878395 1252.61720207295
1654.76446896332 1622.97961324752 1350.0305114662 1013.96971396619 1131.89146023251 962.604083933474 876.319295153169 921.484510326577 1001.33109564768 1110.02405501941 1203.98038624392 1279.77868641866 1376.08130736112 1474.23163271565
1206.71081308689 914.978075458422 594.76973040247 578.656860796742 719.701736621574 707.566084940707 749.617868281766 863.958637671539 1003.70286079392 1130.31210181575 1211.94047631998 1272.27221651908 1309.35176901014 1308.4984191043
1907.9003234265 1873.48471064372 1559.73151278898 1206.29691374406 1338.79566118993 1159.9970615876 1116.58155670165 1223.39926037978 1348.27271172139 1462.65736847759 1549.19244672258 1595.74211208845 1672.04417249007 1747.87499566748
1916.26380512164 1920.8189273369 1381.94380013618 742.615610414476 956.918173544122 898.573075324239 926.568640881654 1079.61118439028 1195.49123942508 1195.97062436897 1180.32473455775 1181.15378193088 1249.04105603808 1374.97691423027
1924.04101321606 1669.69130722798 1238.49813237973 761.328635461561 901.133565556457 822.384319753364 806.459971892386 927.433333658856 1103.41631512022 1312.5115252453 1506.34717053375 1678.64392491021 1832.54820752392 1926.77349752041
1511.34957699768 1512.1487898839 1077.41212296275 846.440199091602 1217.0813214665 1250.35170217902 1480.49498368153 1706.99218739633 1704.26252232011 1698.80391090407 1585.74501836061 1594.16173280819 1585.59598958827 1598.52699839822
2270.92914977039 2214.16689778693 1877.502560431 1516.09830747581 1621.46941930639 1551.40096554143 1514.52163248453 1577.45686901767 1606.16768958134 1626.95441547393 1664.25778632084 1717.49567264575 1829.39176560964 1982.85834675251
2493.08233491527 2303.90963899881 1634.67733391305 947.970833402936 1220.8404516276 1021.61680733332 1014.43375630943 1182.84943188392 1424.11251614987 1685.81985633441 1897.78554155824 2052.02433275904 2209.44192246193 2339.07398543246
1814.09666288349 2056.74858406561 1701.76346979927 1203.3559043243 1382.32820829175 1225.56381868958 1158.54441673648 1214.24860231986 1190.33003535187 1189.33355438414 1170.5370097702 1196.23948625924 1263.22170678315 1377.15974741525
3373.90630577582 2396.03841927146 1580.48130925273 842.372209615195 1063.06985543617 1085.64256984284 1268.65278496311 1699.1357030304 2275.85885441494 2901.85326724628 3469.01426270447 3914.5675193923 4166.32534503222 4140.53379557274
2273.45157008234 2669.19649038702 2225.26327347631 1431.40998671844 1755.99961783107 1524.36200677617 1481.06709522287 1552.66377135024 1505.67237488187 1527.96660728379 1537.56740141622 1619.9841117816 1721.50940694361 1880.01713238801
1540.93813774708 1807.48734032801 1510.8091392865 976.193318853419 1308.73767637906 1272.18476852986 1330.25465461774 1411.77719801778 1342.35292822275 1284.1624873824 1208.47205136959 1191.07760316053 1207.480126491 1295.5009970302
3136.85134426365 2269.77066382242 1437.50294449964 1073.32408787829 1222.14842686103 1392.04408163447 1613.40675056193 1996.0024161541 2466.17012039824 2902.4166586225 3260.69325115226 3535.02983109462 3672.21308810994 3635.58595723721
1627.99802807526 1551.09566762481 1296.98673983642 1003.3443187694 1105.44303827425 1104.57725948381 1120.08111798202 1188.79484539539 1215.40402084501 1229.61042507495 1249.13867434317 1260.17243681691 1313.23229001061 1404.62293241422
3221.13314883645 3531.79483841064 2834.24261093443 1576.92846640531 2056.28040989268 1927.49561623354 1974.18655499924 2031.95948722468 2033.63037084819 2130.25186920449 2285.00556519251 2474.16606402821 2769.62662005675 3056.02104994906
2891.74166564903 2357.68820054922 1485.86462083597 1080.62462535944 1309.78986177396 1429.2559582565 1634.65583546822 1985.82856600327 2402.20586246245 2682.54416878409 2846.79444943139 2895.84220479918 2911.57621764895 2885.08809547428
1901.06352621387 1845.2209073357 1590.39058465072 1356.12792400521 1411.35654010104 1296.74266208185 1231.5458715457 1288.49059976954 1343.77807334614 1393.70108844608 1442.4891033834 1490.59087945692 1581.11506815629 1692.77105153484
969.560523553436 1041.68431734079 869.833335673712 877.419547960884 1159.9808430823 1222.56134660749 1210.27234085852 1157.83536022722 1080.04854967033 1032.37798201908 987.709690285794 944.967785049925 929.953930494845 937.308970398155
5280.21134296148 3214.6562499069 1531.93083711981 851.614140418428 1045.12058859663 1225.15280743059 1645.00537389439 2356.68784963546 3272.30501924973 4480.49322992843 5679.32795762173 6756.65457000681 7275.34299478157 7192.70133619724
1964.79452066286 1654.6096506683 1188.62444923859 911.045664026541 1201.89050555154 1293.12661007019 1401.38839880368 1586.29731903945 1772.42496686929 1900.00400869849 1991.68087144251 2060.07058513828 2097.75069242872 2095.74071327839
941.791130013576 951.551554622778 860.749203878467 730.194754345312 788.846474934587 697.526653852951 633.585163137823 645.898781280349 665.048480665866 703.865754798159 735.178092830803 753.773306704555 792.285769199106 844.052303999872
1013.00431658529 1040.82404622677 739.96043830136 734.458807790873 973.818251599416 1020.86413428071 1094.97112659388 1167.41323902672 1158.77621779113 1105.94581451215 1038.29189291587 1004.07281101392 972.080817353833 972.772829987292
2379.13273720804 1953.4571090818 1303.53825760943 1142.1926550817 1310.90303021707 1422.36151187147 1555.23286111493 1807.18384793026 2090.05287432605 2259.13539523277 2362.69736403577 2404.6914691564 2426.9136301448 2406.43197276199
3031.60198363755 3570.52425762764 2827.7095240241 1569.72661361351 2101.56862748238 2015.3698083819 2174.32551806375 2393.64404897536 2349.48179195694 2328.86825004556 2302.75389219134 2355.2288519084 2459.73050113382 2640.80767141834
1370.54320033242 1282.56240445561 1105.74259688415 895.052176548562 947.054914535265 883.826731946629 861.843554680485 941.089443706312 1019.2031218123 1094.1670370293 1155.99007667253 1195.88346164705 1250.80203931279 1302.93342009978
1679.8943194436 1563.04219730194 1015.22280362435 659.799889211384 958.260230358919 1037.36249097104 1173.81296479741 1412.82913748835 1632.52120377955 1652.35244138939 1622.30867443674 1533.86595812718 1485.94128878554 1478.94139313512
1580.4190140618 1541.31145700348 1365.15535706984 1235.34585142022 1322.89037263202 1290.25042378597 1281.07562402988 1321.57570972377 1323.70876312974 1312.52885648648 1314.0301506396 1303.7980267492 1330.86598519912 1400.10176836898
1664.69363769584 1594.22433325271 1168.310126771 726.458238666731 970.295487928005 773.111475615033 743.516154593606 836.986659913433 965.698159152685 1109.65262630036 1229.37934472808 1324.16405150721 1430.35547966971 1526.04315881361
1489.76922914079 1495.89986913151 1267.58385591411 1229.57863539317 1424.66301086304 1485.04658349696 1521.48004528259 1557.40732129661 1553.49443416426 1517.46854325516 1488.57715844049 1456.61367263554 1432.97849718356 1440.86923672647
1260.96273411893 1153.92210247998 926.688382560128 939.952859230351 1070.96869985602 1074.73902337321 1097.66973376996 1174.33460265902 1237.9652763252 1244.02990026107 1235.51984474626 1211.52265175468 1195.51121046455 1202.26937370025
2456.57521167522 1748.39027139805 1220.6927880698 810.737211267203 1005.29796492321 911.150384574365 986.116356520219 1252.40803034469 1638.44723600676 2069.78153029921 2494.25777276227 2857.31515456878 3087.16001362515 3080.91882789569
2216.03159520056 2128.83459454722 1605.48327028491 1008.9361780699 1231.86838387529 1069.35670242509 1043.68774604827 1181.42198635264 1356.27893433342 1491.23760683854 1589.17199998091 1650.55369174556 1755.0282490698 1889.00882165326
2369.33864519309 2769.29916600357 2028.62096000523 1133.5212101216 1490.91528328033 1266.24876978302 1233.31991697701 1396.8436717361 1490.10656128195 1486.07810294013 1484.54174308547 1521.85210996055 1607.29956136515 1765.48900759271
1139.12688611611 1001.7661049616 813.812977383531 610.709467872981 720.430359309111 676.632330513598 688.741687683768 773.892731286836 869.740470839145 968.831575485998 1044.67687909335 1098.80595551831 1140.59731892043 1162.88193688265
1896.08859979348 2262.56316125629 1933.12105291869 1587.35892404782 2062.88806225782 2004.05732078721 2064.95908837272 2098.89581997712 1940.84485334458 1786.47957083273 1638.15313029729 1581.07665167934 1565.97275145839 1651.38982507884
1565.84097040878 1427.5218843761 1168.98510078615 1034.78036796893 1191.28287589689 1193.0141033011 1202.7491330022 1278.53392681279 1367.77306938397 1436.60751844156 1482.53907866195 1512.32187492464 1538.82298358976 1561.00309845535
1079.61402972467 1141.15229750668 951.634126474947 725.873642278481 927.608258405704 683.259541272164 614.162834522145 643.778699159242 692.442346005728 757.637722316414 801.704774082957 826.514257968538 877.304976716284 947.252698904044
1779.99523248377 1743.09073250738 1375.89778345294 988.489617503018 1191.27390823598 959.981066785309 924.194665067906 1054.33604310438 1231.40131946157 1392.30375095178 1506.0225090822 1568.34923789487 1635.82464446537 1686.759222636
1700.41375311107 1272.28284704217 790.603607870816 716.566462233148 826.228674520555 832.117308551515 910.84163619466 1083.13116979524 1307.5757695124 1527.98469095925 1697.13911845115 1824.85468065732 1900.55642970796 1893.14362497055
1555.91754233629 1814.16542315836 1751.8674159292 1893.22717717671 2224.04933751602 2227.91067352391 2159.06023519409 2020.54571335588 1827.88233189111 1680.06783777929 1578.81915247688 1451.20376827599 1396.63417547268 1417.77239012033
5414.97673233506 5325.15311966685 4470.14757048744 2681.2011713877 3305.90784337398 3114.80394103605 2928.54691771522 2918.25270797217 3061.6005824063 3429.42786596464 4005.42218046536 4727.19704011686 5206.97730995767 5529.53361120244
929.675996028573 990.30674231271 704.20776875577 780.972286350595 1033.50869254509 1071.65314023903 1112.96639446011 1131.35524519168 1082.86820778419 1022.79302946729 958.576921760952 922.546633519868 888.901206641548 890.022583470775
2401.88943488284 1574.05826835709 918.063125768453 609.189261517946 771.336087991096 817.142151249521 941.777654934298 1231.43728304138 1637.88406488442 2079.15261223008 2483.27470068001 2821.86615004781 3012.20368539003 2994.74345236975
1707.63467254734 1447.32542563488 1089.0729217743 701.643940910446 808.508828309394 770.382458499323 777.069336344811 897.100892398946 1058.95426511197 1250.91894341721 1428.57458754738 1590.52472817097 1721.87165499827 1780.55542555842
1248.4753588931 1085.72745478489 779.163101754831 622.576318623648 863.004265991422 970.418987139455 1051.28040898128 1165.40643752039 1242.73020982935 1252.57713710443 1245.52302322691 1227.04229828363 1215.18213585831 1209.83922070314
1118.74698336401 1009.68355486795 804.677061419038 549.593015908237 658.730821297992 587.153888981532 568.283082595931 628.911382068465 708.040069645498 807.962985147889 887.777074629934 948.74897942744 1015.89487104091 1072.079523871
1056.38080379925 984.350379438769 854.056628958427 684.244223608608 776.530373960604 702.944893896976 691.026388488239 758.220659253668 833.531332246328 911.126703990919 962.014669488273 991.291139714576 1023.49766993278 1047.24417108572
1721.32594181026 1544.25719741549 1240.14668087756 1078.1984940356 1270.24469943865 1315.41333015013 1374.69321859668 1498.80346909503 1615.79914365475 1685.55909771829 1723.00014055357 1740.91141932653 1751.63363940573 1754.9141540638
2116.55543006374 2605.73782971922 1962.29088152368 1042.39500812353 1441.81040469441 1208.30968533085 1176.53686953587 1366.19696909465 1369.6604279192 1416.73239772249 1406.4338848466 1466.70147484722 1583.14211595098 1740.87311685798
1221.8686552172 942.191090951618 594.298015254451 467.429388950175 678.648758439407 726.062601949753 782.205605725054 897.195733931956 1031.62400490218 1152.22255141781 1226.03069673234 1279.5951742642 1314.19386755324 1310.70575264951
1425.76693960706 1187.95081656795 760.466448556289 866.382088962615 1089.60134433651 1054.08904449313 1063.37110824964 1154.40660990378 1267.71678967842 1373.95318040174 1433.34784939243 1474.22876610118 1504.97372531788 1495.4012756545
4359.01436055689 2391.32577014318 1153.91045916421 689.77038611481 874.760663194686 1031.5166852104 1234.34660383522 1604.7018127871 2334.55326493035 3338.90151641948 4765.09549657633 5685.40273926826 6033.82801522195 6087.35840209643
2091.98839099797 2090.73328855201 1429.32313744387 962.441982095773 1193.81179490795 1049.86944948407 1100.3102648388 1335.66590605785 1601.99905746946 1659.86037524099 1668.22975391605 1596.48945710612 1593.14587091112 1657.67565832904
1391.80491734242 1426.9335592254 1166.25274132607 1007.9459886485 1350.0277323925 1477.39952715768 1542.00684613341 1553.01355119206 1512.27086676987 1472.19671738123 1431.39229188846 1392.23727998918 1371.68519510592 1368.85034973364
1182.00713171616 1251.92597316958 1063.17462100258 889.951861236185 1243.29235573336 1340.9464043044 1359.24936900578 1331.86057838259 1267.71175970071 1233.65083312763 1205.5840227918 1162.31252171281 1149.20334753647 1158.58446472117
2608.34460422954 1950.26569422093 1127.44707056781 648.5265421988 871.09042325154 1001.30816462614 1179.63608557653 1504.32658970805 1935.5092010935 2307.78090427348 2562.3619097779 2696.10082152494 2761.29545582907 2739.31292203969
1287.04268627023 1189.591545649 1013.14777834749 818.610429399177 902.323807006074 854.392947810427 849.574022592505 924.483328274915 1001.32260461616 1082.07399766867 1144.17515456029 1185.1392980507 1223.98411724679 1258.64947979594
1991.21150961621 1905.45064951859 1396.52529982072 846.620633655792 1111.53966168915 851.906392763288 786.365868964329 873.35295963938 1015.72856067624 1197.44957883192 1360.83684476365 1505.98009165461 1668.11795943223 1809.76651677157
930.105345842112 977.236750078161 754.211755952845 659.192478123715 882.039182458585 945.997830525501 1007.61548676647 1054.2116760875 1036.64990959367 995.643557554764 942.162720282262 919.077584553064 889.475055110905 900.198379041853
1685.47829963005 1539.03560644571 1166.62320518181 751.098401188496 892.052074247414 849.892054225376 871.551544962874 999.19678142319 1129.76172185762 1228.7599795149 1295.85746686018 1321.78242942232 1389.48473024304 1489.45822574426
1328.94744333955 1212.14404165076 973.119894158282 746.448588137035 947.223902441971 907.109737050149 918.9421637367 1007.81239675058 1114.94334584184 1207.31264764226 1267.65202817286 1303.77620075814 1332.97130850482 1348.30122919021
2056.78305235478 1903.66772581308 1380.44470229713 837.416440394141 1052.38109437598 861.743769434954 811.94433291583 927.707095392578 1117.9748600492 1326.41484065329 1498.96055537906 1620.61227439593 1748.65164955309 1866.31534538112
1564.78512151202 1389.12863007994 1084.3684292785 734.561056802983 836.745329313848 812.027991704452 822.046780149042 932.712125572223 1055.93344307691 1167.29678398336 1250.15765139526 1309.27230450565 1391.05897257088 1472.3010163946
1562.07260696788 1440.4748646682 1156.82653709436 840.029719319646 931.682475711007 853.525891464415 814.239777910418 888.224245433005 993.0286957631 1117.70615658595 1224.13929233871 1311.07607811044 1400.92219561995 1476.51636278102
1641.29070123816 1354.43406454803 976.891615332412 1009.80154244125 1161.92377817371 1229.72227741599 1294.0400276962 1405.08067686251 1519.85248590974 1610.14934731698 1673.03261150656 1722.22891096896 1747.44460695464 1737.76726005456
2479.95507808313 2430.51875705447 1820.00476537077 1146.65748143116 1384.9109678765 1199.71000403621 1159.13444715578 1309.07826784788 1482.95735295321 1585.81972806829 1650.76526168676 1681.67500058454 1786.73019088638 1971.00316149202
1629.4384137131 1848.38458731756 1457.16221556476 1164.58723953709 1611.43352875562 1635.23227296743 1783.77559245943 1933.71884592088 1881.6225491285 1790.08425951832 1646.68699792752 1599.63744217263 1545.85254096172 1570.5033770879
1499.48460906878 1140.40818241354 710.679460415256 569.537062997657 774.819111762843 854.568383496106 922.904228539297 1062.79774606597 1233.48211006775 1390.02056777609 1495.92749535672 1571.98563656338 1619.87770161388 1610.1688719988
1359.7778401234 1304.63203571364 1119.57745429425 933.900883151397 1037.5202662853 978.428270748199 978.484268406989 1052.63215555676 1095.33171441731 1101.3438852693 1112.08743880181 1105.12772269009 1129.18236691115 1190.32755468703
1329.11981451218 1417.9707566431 1167.8942421563 926.298990719961 1152.35097591638 1207.58811423146 1228.84923441984 1252.12281985702 1216.81197324336 1173.42115091798 1141.87803790615 1116.65309182812 1114.02717671026 1164.03430998979
1532.05556367202 1206.52153643688 804.074590531317 749.53317601687 979.253986484026 1028.91816315499 1093.00994391968 1222.99469205857 1363.07813975321 1484.55816213762 1567.36749450499 1632.9550098655 1671.15391071049 1659.75079022308
1365.13526854717 1174.91785884217 851.175878915545 921.528067340533 1155.71624682179 1182.81673059039 1207.67034719127 1266.67974939504 1327.99031685725 1372.81246186355 1397.68969266847 1415.57602605837 1427.0048099062 1419.13301125452
1115.84195890719 950.179373373861 781.532676429035 643.036305873414 753.702650120397 722.882435651484 746.184138877409 839.034036471176 942.577442446245 1036.98506218843 1103.00034378179 1144.82803506087 1174.78144813659 1181.59511727158
1060.04180522214 1046.29106912867 745.352361287959 669.448873256239 957.164048364231 1047.17413891532 1108.24036144528 1149.01504666841 1136.02445437997 1109.56003586721 1083.0453211923 1060.79211006341 1039.36928099378 1039.52137928617
1270.59177203373 1420.3251395265 1145.94225048657 894.910001994517 1111.40125883312 1137.63164288489 1175.10861455075 1238.9994967381 1217.84541975821 1156.92043606295 1091.97452647088 1058.67699451591 1044.92472861195 1086.94055476588
1529.03023907146 1308.69137722039 1025.96280583175 783.329616482739 948.438286607835 996.595126457303 1046.2832272036 1163.90582615962 1288.31942219711 1396.21125686283 1477.59898722659 1536.48646263809 1575.27847116786 1588.58157809483
1533.96303156709 1331.67827447661 956.265775794218 970.500759911819 1189.52536838702 1240.97558243351 1306.7429433119 1427.42719765643 1515.48642301797 1539.12122405136 1544.58175561962 1531.1255835816 1513.28641921774 1503.85460424797
2087.90650655646 1905.64228666325 1406.23047066219 867.00697601294 1068.34224439619 894.304496878851 844.391220607627 952.123310221119 1124.08496707816 1333.08569927085 1525.05860346764 1686.63117127282 1845.58723735175 1968.3403931968
1776.45857716642 1523.33848781695 1183.6875507236 909.993582543908 1155.11069024339 1205.6066482836 1275.48658308332 1424.06819483694 1583.540888595 1704.34853575334 1789.70177268306 1849.85363887599 1887.66966210287 1889.45202125674
777.203209451612 688.155741636106 546.37050937194 531.666637593111 714.799062147248 686.818681286025 674.079393082582 699.228647322522 734.172665732316 762.455491011891 773.722334276628 779.24096127443 784.098977924009 793.970088610256
1107.4972676433 921.222823426534 546.878623334983 582.646217247363 802.149017457097 773.757151751608 786.533313374413 856.578918045859 948.748633209261 1045.31614735962 1102.69442586762 1136.6362696584 1162.988756357 1158.09411130632
2067.68015697024 1267.62142094733 763.374659770051 545.699215622694 703.383848077265 812.727236066891 928.925929574432 1129.27364687909 1420.94681110293 1802.55706538253 2162.48116575479 2553.9224572578 2722.63538868326 2684.50328438009
942.499287733049 883.589144903128 757.747239983983 595.901514086329 691.778990425412 615.620326503424 587.660871625133 631.77500001737 684.445860832693 746.904560742385 789.508172693305 815.709613180572 853.76438495622 897.991094742246
1824.44661205697 1582.47472196238 1237.3495243434 1114.11838146918 1340.95654894501 1420.99425656218 1484.28504480088 1602.26774394224 1720.11274782903 1797.7575343972 1844.36239056045 1874.34712311516 1887.31745226536 1887.00210167998
1176.77466820818 1001.72578967608 678.998180390303 519.593163065556 743.481750900397 840.053518935339 917.843711117934 1048.40326011388 1156.30368214398 1170.9788137365 1167.98596135864 1126.17176503742 1114.98268842561 1105.86688721135
1869.52673097482 2207.0110340967 1883.07596057138 1428.84860181405 1613.48742111151 1348.54921383067 1232.20347928287 1261.77177370924 1225.82697713558 1251.48425602036 1228.1515530574 1261.17750291941 1339.02973472503 1471.14234965868
1816.93654157632 2118.55536920484 2003.90961136931 1500.54644415164 2107.89092690121 2163.26092103774 2171.93795968041 2107.37960355432 1939.09603452458 1813.75809199949 1770.05444788909 1621.13092298128 1575.70744428546 1620.36797983732
1162.46342243791 1327.09921038765 1081.97118215078 821.539100309657 1277.81804685177 1309.51690287427 1481.27976920201 1585.26214260222 1464.33372518713 1327.90246257027 1186.04998376946 1183.9036334211 1132.68576599898 1153.91721454001
1476.92569767924 1380.49765536592 1083.60682953389 798.382644662411 989.332720094719 791.049733276996 774.669884930718 894.599777619912 1060.61410423238 1225.50205823087 1336.82715669973 1402.7521324329 1461.19959879427 1485.48500415022
1340.05723982682 1111.13769759293 746.005254222193 820.462198188662 1056.74420694811 1051.03361912372 1068.01926893509 1155.38931828645 1252.49077549397 1328.76301073902 1370.47775927871 1399.71751290875 1419.04030658092 1410.48970230854
1488.96829300321 1652.77214108797 1451.03524567009 1058.23108000654 1264.007321642 1266.3413460158 1221.33281192872 1178.47042630505 1108.14473452278 1106.95391754729 1107.62042681883 1117.56899623926 1172.5335609343 1264.90754505321
1961.95370638649 2033.44980866981 1807.83215442638 1525.39869729631 1995.18493575534 2185.33725441617 2228.53574877399 2186.12742526426 2083.21201819408 2047.44756814105 2011.98949670399 1955.02903550574 1964.39722157026 1966.41477001356
1153.03593782267 946.310672858476 628.64926176659 626.944553469011 809.730257614128 838.517084876001 873.424620054706 953.904711785503 1046.90741203903 1128.07461526928 1176.86120483284 1211.528255413 1235.47961902796 1226.94746217819
2254.88050656768 2436.43293931966 2014.5487463656 1466.98270216159 2112.88229880993 2313.07164666969 2589.2580805009 2726.66345711769 2619.48255151333 2449.88792259668 2348.56938898648 2316.34403498506 2232.62308681027 2244.66062377024
1172.51533535736 1179.02510165696 830.187352944553 600.064312054118 833.843832307294 935.684827095348 1067.30405769897 1227.40075088737 1231.25382636573 1224.8150937455 1272.75253553338 1672.20309834366 2094.13259833513 1929.29569083041
793.769000764766 683.143274634942 558.987788410431 498.187980540998 638.156954676124 562.223284373658 549.367974601403 599.287099612377 664.969661602664 729.275812525667 768.868300660814 793.211470510966 815.110646080407 828.23459380759
1820.59671523676 1753.96913496209 1329.86288181741 872.13279546763 1081.77273309965 849.974656858665 783.975118084796 858.273529428695 983.53358646266 1144.23156404404 1282.32766226666 1397.32272502114 1530.21935559187 1650.25997115016
1771.17471534765 2057.46908457056 1641.65373259348 1323.91812854775 1762.37479148805 1754.24005494597 1854.59683148579 2015.1948952042 1985.93318830052 1855.85841783638 1683.11875425674 1610.02904132554 1545.13111980275 1575.93156826111
1989.52271752111 1828.98826669039 1288.24688531728 1028.98943280706 1386.86924044468 1433.40215994854 1558.47963137122 1766.99727255858 1938.53996660455 1971.5777378534 1963.5273615053 1920.77158155374 1886.36405774142 1883.97052932643
1897.23010317091 1458.17031018498 966.061001033157 650.145692211367 894.719391932482 1028.10083115412 1167.51121242205 1383.2864985085 1609.44057806774 1785.8555567628 1928.11781770472 2040.37666106852 2106.83093539853 2096.40135274431
1168.71116795759 1071.51713420804 884.76399073508 649.171286263077 760.55166109333 735.291560117843 734.384414110329 806.114387931429 880.645959547338 953.792713500358 1008.40249863625 1043.85671860517 1087.17620808465 1131.28337852347
2789.3604860832 3241.08001001889 2703.46376150198 1653.49284522384 2074.25125024253 1836.17764884747 1802.6758144323 1862.71368143037 1831.0313999673 1857.52549434344 1925.43620368947 2030.02539419482 2144.67143370411 2344.87188372494
1592.10273842827 1602.8612003535 1243.78368092112 902.387968512433 1226.78967743158 1305.92942397084 1401.87847089306 1545.73996376014 1624.86273134795 1599.21146566678 1544.59052873795 1486.09129194277 1452.34523552596 1460.03246014229
4290.42290141349 4230.5656131068 3103.78021153585 1915.12026326923 2364.74695284226 1981.88422243259 1883.18362125744 2136.65804638304 2502.88273461558 2829.98927623453 3092.49015444823 3257.68551805394 3474.6775788358 3724.80373403237
2526.5412650716 2950.90492953137 2364.83247856363 1281.93581435349 1710.24091044155 1547.2094494203 1558.78498021454 1647.21333077905 1627.34052136084 1660.84617296354 1723.6794381733 1842.27440643458 1957.53994197772 2145.08786297201
1120.75720906941 1233.54701117682 938.630832086061 795.936549898857 1172.16859329987 1256.80753378415 1371.96764435286 1429.5118840874 1344.17436862155 1245.8967828528 1150.28942917844 1120.492332255 1086.0530963999 1094.61033742039
1699.84094453942 1771.95032536217 1382.05586823709 1152.96375479936 1584.21535085695 1752.25085678641 1910.31416048278 1985.75428740871 1930.14139527985 1847.46525577083 1762.58868101037 1720.15789433459 1666.02748414096 1666.25109185015
2790.92459961902 2326.98571875848 1638.43255568577 892.798064862852 1110.18620895267 1064.80206622622 1103.26765403154 1323.25281425916 1610.56963513086 1934.55191840271 2319.1416565879 2699.99885732382 3024.00589412415 3133.56051844837
1342.31046541667 1153.6329976122 830.54292963922 869.848347239503 1039.48218231023 1086.91645990235 1128.15736980795 1212.26561515624 1305.22623182981 1374.90261392026 1408.06383513211 1431.3377959788 1447.82335203248 1437.87850656472
