"September" "October" "November" "December" "January" "February" "March" "April" "May" "June" "July" "August"
3.05276479169505e-05 1.77360533174229e-05 1.11441253138889e-05 4.37012408213188e-06 3.00852934636766e-06 6.37107747216632e-06 2.26973169232711e-05 1.94312584276648e-05 4.06674207423042e-05 4.78122063057412e-05 4.56110074476512e-05 3.95661954346433e-05
3.00783433529633e-05 1.57060317457634e-05 7.30245452154135e-06 2.66019227072391e-06 1.6276915554342e-06 3.80010232321848e-06 1.26829495000962e-05 1.04298924291036e-05 2.32839318353576e-05 3.25547609782604e-05 4.02707242570379e-05 3.18647919791515e-05
3.14700719632015e-05 1.68709142634427e-05 7.61264169500009e-06 2.63067481499192e-06 1.52702735112335e-06 3.79031205507821e-06 1.17915774253506e-05 1.00598983689846e-05 2.32388728788447e-05 3.35686852118084e-05 4.53896030557835e-05 3.15178311868142e-05
3.54956107699025e-05 1.88224988821566e-05 7.73413066661821e-06 2.4783027490173e-06 1.15658823371581e-06 3.10819584154056e-06 8.858555592333e-06 7.22574169925891e-06 1.8626521824543e-05 2.90133390716664e-05 4.1222088030184e-05 3.09486425518301e-05
4.19585753601118e-05 2.1383257241528e-05 9.06713653032035e-06 3.00394871617673e-06 1.523986083942e-06 3.85591310098056e-06 1.0950866327267e-05 8.5800604997066e-06 2.15921898286833e-05 3.41361793994503e-05 4.86804820912084e-05 3.77654966190017e-05
1.38609279672399e-05 6.41592517240021e-06 2.6639388343659e-06 9.36562874578778e-07 6.34008092377984e-07 1.52682220692206e-06 4.90222272880844e-06 3.77413021073436e-06 1.10836762785933e-05 1.62644727385711e-05 2.39751537646974e-05 1.73762240645774e-05
5.64896003120634e-05 3.03823753829214e-05 1.37616114392106e-05 4.90823394260966e-06 2.7930326094479e-06 6.57824627603744e-06 2.08924112160194e-05 1.85483459330766e-05 4.52211379090992e-05 5.8116052803772e-05 6.88121693398609e-05 5.21108057030244e-05
2.52530262170963e-05 1.2664666997221e-05 6.31844962994873e-06 2.46748065299164e-06 1.58080565123947e-06 3.59158268755598e-06 1.20316280800787e-05 1.00663512322504e-05 2.03271164610214e-05 2.83248471601701e-05 3.77681184477223e-05 2.88685987172161e-05
3.52814096697332e-05 2.00466112104506e-05 1.00898937175895e-05 3.71750421663735e-06 2.32555718554606e-06 5.64544306406749e-06 1.91622833458883e-05 1.68057781110426e-05 3.40476397819147e-05 4.26927846227786e-05 4.58369320482055e-05 3.77188477225175e-05
3.46562279150487e-05 2.10133256379418e-05 1.07567551694221e-05 4.25817329971269e-06 2.38316942431078e-06 5.81498352365657e-06 1.69642659619752e-05 1.51013454903543e-05 3.06752280491825e-05 3.93596416224871e-05 4.37296169837359e-05 3.48077241271098e-05
4.48909831693019e-05 2.42049424756058e-05 1.02862492628466e-05 3.4709607505516e-06 1.83081026625628e-06 4.5460501745769e-06 1.32710803238837e-05 1.15139870889637e-05 2.84193397934589e-05 4.05226840695586e-05 5.28064974595448e-05 4.07026331200577e-05
2.57714127991433e-05 1.41790295387753e-05 7.01681488363561e-06 2.86633159221089e-06 1.72375453327547e-06 3.80329955042511e-06 1.1828666180655e-05 9.74362032462276e-06 2.48095427272917e-05 3.2153952980196e-05 3.99752974045306e-05 2.86459457993156e-05
2.33941970403158e-05 1.22237908820601e-05 5.48771040457239e-06 1.91280773855791e-06 1.11090284613097e-06 2.83040386021386e-06 9.55946327546946e-06 7.79442420449576e-06 1.79593830958086e-05 2.47259093487228e-05 3.12582153561472e-05 2.43342141371554e-05
3.01425334886605e-05 1.56947738000537e-05 7.27141133946145e-06 2.56267826062415e-06 1.43332314749194e-06 3.29715432573396e-06 1.02957597674827e-05 8.48166040369149e-06 2.13847075789845e-05 3.04382284155566e-05 4.02256488094405e-05 3.01114864864671e-05
4.38525021709768e-05 2.27548564559096e-05 1.00159107507869e-05 3.51230751405723e-06 1.99661042126019e-06 4.70733581570176e-06 1.54063396945232e-05 1.32023267448653e-05 3.13111125830631e-05 4.47974447700898e-05 5.66288839488177e-05 4.17083199805658e-05
3.3929407073359e-05 1.88265953546759e-05 8.6067922395863e-06 3.04495780880494e-06 1.7462254891578e-06 4.28190029149439e-06 1.38297964969823e-05 1.17885704361481e-05 2.55530025658994e-05 3.41593940956838e-05 4.15387650269053e-05 3.30866326875779e-05
3.66523684537572e-05 1.95467907683404e-05 9.39883586241051e-06 3.53464474841808e-06 2.10374335827493e-06 4.70122059668591e-06 1.45159661844362e-05 1.2524586236225e-05 2.80656898923688e-05 3.8459776334291e-05 4.68247983462546e-05 3.64993278594358e-05
2.98812486428237e-05 1.52833782459198e-05 7.01312500889217e-06 2.47586347345074e-06 1.47169938589173e-06 3.69360257349265e-06 1.36628478938926e-05 1.14260472453903e-05 2.9980973349476e-05 3.88185393509451e-05 4.45556801897458e-05 3.29100184369465e-05
6.83775689030298e-05 3.67463494792199e-05 1.69504607229107e-05 6.51134166441782e-06 3.73660110778391e-06 9.15824955575352e-06 2.93995026784797e-05 2.52149627876773e-05 6.19952697418472e-05 7.41783472877002e-05 7.91906686519172e-05 6.02413575559584e-05
1.26074055118635e-05 6.46261726054181e-06 2.53650633659812e-06 8.50774304551671e-07 5.12611494974875e-07 1.49257833325736e-06 4.42881147000558e-06 3.5628257950121e-06 9.0206961881598e-06 1.28577443863085e-05 1.59697405636358e-05 1.35129001578069e-05
3.89427404215317e-05 2.32614513961764e-05 1.12539244551637e-05 4.14784665014848e-06 2.37477981643434e-06 5.92544444559093e-06 1.8895115609015e-05 1.69011233534733e-05 3.37667704190236e-05 4.03606100401443e-05 4.62142957551688e-05 3.79109012428921e-05
3.48961870903269e-05 1.61690142219441e-05 7.30558497478039e-06 2.87028091363331e-06 1.80384411821884e-06 3.83744952050347e-06 1.23471055031741e-05 1.01472925919682e-05 2.87201563395756e-05 3.96316515410363e-05 5.21545887424284e-05 3.5368548210426e-05
2.18296359691532e-05 1.22718302611784e-05 5.6187705506207e-06 2.091990916138e-06 1.2244640971077e-06 2.8881142710832e-06 8.81094395610613e-06 6.99245416985339e-06 1.90744451862963e-05 2.61325594738385e-05 3.21683618012569e-05 2.4343487467772e-05
5.63714064592737e-05 2.82370831976533e-05 1.49149558086429e-05 6.15941095524493e-06 3.97971525207093e-06 8.94666847955632e-06 2.95915024135299e-05 2.55237631042359e-05 6.37757638099318e-05 7.19251032470442e-05 7.06432868508775e-05 5.01847808049673e-05
1.69958374570937e-05 8.78755419855767e-06 3.55527696063328e-06 1.17005911352667e-06 6.70062084658008e-07 1.86759339069779e-06 5.28107604067488e-06 4.25589859283627e-06 1.04669735354738e-05 1.55764936389769e-05 2.0275468648547e-05 1.66804790044778e-05
3.57524222152691e-05 1.81885533933824e-05 8.12741605743353e-06 2.79249516383246e-06 1.64730340976424e-06 4.02365337760275e-06 1.30712718779493e-05 1.12825701841001e-05 2.67380542737516e-05 3.84237283139094e-05 5.15180948551659e-05 3.55652321623611e-05
3.5838924295062e-05 1.89512929785231e-05 8.39181311368802e-06 2.8829694570647e-06 1.59081866554924e-06 3.9753411960237e-06 1.36330436657759e-05 1.14617802935304e-05 2.69203566898694e-05 3.69905124612168e-05 4.61914890252672e-05 3.51145077638598e-05
5.26449781927176e-05 3.19918351458641e-05 1.60600736244498e-05 6.2339138970512e-06 3.65655747392143e-06 8.71691254286537e-06 2.62972517391293e-05 2.29979697612012e-05 4.97074122875145e-05 5.72701373656882e-05 6.06569263772641e-05 5.0335470186434e-05
4.01618101491767e-05 1.97527326131315e-05 9.41602008001704e-06 3.75061696718581e-06 2.24822496509063e-06 5.06744214135381e-06 1.63065824422962e-05 1.46460035787342e-05 3.50061542881658e-05 4.86626347571108e-05 6.03287738598464e-05 3.97179228607522e-05
5.62494421948277e-05 3.00128703514878e-05 1.35834665257927e-05 4.71536945242047e-06 2.59126940718372e-06 6.41808797566781e-06 1.9873047411112e-05 1.74132779256672e-05 4.21936881315379e-05 5.59181812125303e-05 6.71026320110256e-05 5.20860888823266e-05
1.65491645262492e-05 8.41245914916933e-06 3.49805308636691e-06 1.20632423364674e-06 7.58646027889093e-07 1.88203261751347e-06 5.87888493258246e-06 4.49852789221512e-06 1.18648075933431e-05 1.74164210391268e-05 2.27325277391127e-05 1.8675692683612e-05
1.88746283313104e-05 9.14690308327105e-06 4.17733299196944e-06 1.50262601575937e-06 9.47253545271702e-07 2.15878873919774e-06 6.76776708055085e-06 5.48253206272017e-06 1.13382321254638e-05 1.64870215962592e-05 2.26576153454607e-05 1.7566895840118e-05
2.21477254047465e-05 1.24561591103455e-05 5.7553268904823e-06 2.13693363826201e-06 1.33986002268051e-06 3.14626686467802e-06 1.07927360592742e-05 9.07126389083259e-06 2.04076135451895e-05 2.57016711207903e-05 2.92623954396812e-05 2.42016501632117e-05
4.44709677275558e-05 2.44521202903551e-05 1.0933899732103e-05 3.87480614636633e-06 2.18058693629907e-06 5.40834714335955e-06 1.60667524533857e-05 1.42542500483045e-05 3.56310781642986e-05 4.87766119948245e-05 5.89229191369864e-05 4.18041650179319e-05
4.2583050086379e-05 2.26474075020644e-05 1.0488726255169e-05 3.56462896122768e-06 2.17322892105576e-06 5.2334127609738e-06 1.62677093464734e-05 1.31594450081332e-05 2.91751733689643e-05 4.1377550694894e-05 5.22966869594989e-05 4.29065712187235e-05
2.46225942288649e-05 1.26322412136842e-05 5.26550253886402e-06 1.75283941605717e-06 8.9665296897225e-07 2.29086163650208e-06 7.2198952519415e-06 5.65110708839087e-06 1.68004835282551e-05 2.57485408755209e-05 3.53690157225785e-05 2.47944568599495e-05
3.6338681860688e-05 1.8836222280715e-05 7.68443806562071e-06 2.49672620657192e-06 1.19189511287154e-06 3.20046319113354e-06 9.21867703277222e-06 7.48840800460693e-06 1.90640545757541e-05 3.01621555869376e-05 4.33197906740656e-05 3.28768828907147e-05
5.58903593817696e-05 2.78378909817576e-05 1.45274555252858e-05 5.67586231353069e-06 3.64673404323568e-06 8.22905334114177e-06 2.75855073330847e-05 2.3683188018622e-05 5.8387693522585e-05 6.9125355576003e-05 7.08302792801456e-05 5.07843307907085e-05
4.04047007401633e-05 2.12018157425972e-05 9.0845104446462e-06 3.0954200801228e-06 1.66449664077232e-06 4.11231497773157e-06 1.28894607373119e-05 1.11173191775381e-05 2.81706578096211e-05 3.9497888666489e-05 5.07346035049523e-05 3.78809023134268e-05
3.07558749428855e-05 1.6179863129466e-05 7.02610120750737e-06 2.42479397964327e-06 1.40707323818406e-06 3.31986287713675e-06 1.07675232054133e-05 9.07188350148012e-06 2.23627954383707e-05 3.11065530361948e-05 3.96184112496165e-05 3.00652201740011e-05
2.09307879461471e-05 1.05602448972589e-05 4.28202340046039e-06 1.4199445376321e-06 7.23397754480421e-07 1.97962225195054e-06 5.77816557445496e-06 4.56846546053618e-06 1.20351337550927e-05 1.87541633141758e-05 2.63006572085773e-05 2.0506680075034e-05
3.90540800763561e-05 2.39254925744993e-05 1.18865175534587e-05 4.57540112858413e-06 2.55948924482771e-06 6.29451357293512e-06 1.95760966231207e-05 1.7407499789817e-05 3.61965755710398e-05 4.3591316736361e-05 4.78987395066002e-05 4.05098829611172e-05
3.78062463859573e-05 1.99444019888094e-05 9.24326025806972e-06 3.23242128308513e-06 1.89077670414681e-06 4.4667967031766e-06 1.37721797307868e-05 1.10573291693071e-05 2.5329538542755e-05 3.64170266769976e-05 4.65949422839775e-05 3.81880843008857e-05
4.41870897162558e-05 2.29484135225677e-05 1.06902603077058e-05 3.68891660273604e-06 2.23109471804737e-06 5.31950788569394e-06 1.61649600040757e-05 1.31292085466758e-05 2.95998532290723e-05 4.23583652203822e-05 5.37080540804973e-05 4.39073964187239e-05
2.44118850184187e-05 1.28319000217441e-05 5.43713325187377e-06 1.82518349846054e-06 9.45323177584247e-07 2.44111024811781e-06 7.04460154139173e-06 5.58649640341782e-06 1.49388684836751e-05 2.28864347522525e-05 3.23638400038143e-05 2.44399628393222e-05
3.36649053593322e-05 1.76080307205971e-05 7.38082577630112e-06 2.45725863728488e-06 1.2562812292794e-06 3.23108863666346e-06 1.00284859580799e-05 8.3279261909336e-06 2.13298037223043e-05 3.13149429577713e-05 4.18854363786941e-05 3.13606181244383e-05
2.52802830278817e-05 1.31711778640368e-05 5.5319521828767e-06 1.82917676158441e-06 1.00141691354073e-06 2.48938130554865e-06 7.48528081356802e-06 6.11851796950715e-06 1.46472143110587e-05 2.22395585166674e-05 3.12346950116548e-05 2.44064590734626e-05
2.68620406730239e-05 1.37969574889747e-05 6.36549628537824e-06 2.31446581122113e-06 1.37540060016912e-06 3.26215647758154e-06 1.0291075449838e-05 8.31190375891904e-06 1.8252967588873e-05 2.63713187847068e-05 3.40971578955876e-05 2.7244776876821e-05
5.33189151898514e-05 2.92654963934874e-05 1.45536146742972e-05 5.23650962615927e-06 3.28518379582158e-06 7.47618326918274e-06 2.53176671438258e-05 2.17663332918575e-05 5.22413560507101e-05 6.19580257987953e-05 6.47667891274105e-05 5.15921105566648e-05
3.69218068879082e-05 1.9467308110622e-05 8.32965196825224e-06 2.7743508903777e-06 1.40195979703522e-06 3.64110947051851e-06 1.11003878150466e-05 9.3036877492723e-06 2.27082074970078e-05 3.41249608497361e-05 4.7208668299191e-05 3.42605146034588e-05
2.51467094928431e-05 1.35766533891007e-05 7.06778329539204e-06 2.60984683060013e-06 1.7294133171135e-06 4.01104612197804e-06 1.2498872988938e-05 1.00575341369159e-05 2.09325101720756e-05 2.74747855762277e-05 3.15292643127644e-05 2.84265894021716e-05
2.453987824507e-05 1.55116509535382e-05 9.06908729633606e-06 3.82938265905897e-06 2.71726192641262e-06 6.07812875252407e-06 2.0712993419929e-05 1.82424600092728e-05 3.25935800930038e-05 3.64023996837568e-05 3.84035413543388e-05 2.90225412303419e-05
2.2695925120664e-05 1.11685368267491e-05 4.82477413986055e-06 1.70006793188335e-06 1.01981029784672e-06 2.37000311668662e-06 7.76595291273166e-06 6.18870514074325e-06 1.57104963892948e-05 2.36146923754543e-05 3.36212098407507e-05 2.48833827377799e-05
2.62072737231899e-05 1.71198721922279e-05 9.36829431616774e-06 3.73095388588777e-06 2.30904812640358e-06 4.94372024871465e-06 1.55405548455448e-05 1.34277618055351e-05 2.58138863311241e-05 3.08242030350963e-05 3.30009764819578e-05 2.95898687380658e-05
3.1555857931676e-05 1.62937383721189e-05 8.44789554112329e-06 3.17267112982609e-06 2.0556943581194e-06 4.81944637773806e-06 1.58734770347146e-05 1.26214133178112e-05 2.88138852107063e-05 3.98507567680309e-05 4.69221982665955e-05 3.64323225327811e-05
6.46624973126003e-05 3.60891383603825e-05 1.76139983232153e-05 6.56433526506887e-06 4.12251782208953e-06 9.73503089144471e-06 3.06930155145381e-05 2.66536004783444e-05 6.21677454026892e-05 7.23841289258457e-05 7.40568701213448e-05 5.83955767644207e-05
3.1119098265193e-05 1.705290206863e-05 9.6272093881753e-06 3.80832637134821e-06 2.63009913791099e-06 6.32896176447278e-06 2.39276984358386e-05 2.09868150768191e-05 4.4726714611438e-05 5.15355539937061e-05 4.96438815070096e-05 3.77091221837294e-05
3.35665791219052e-05 1.64191669823943e-05 6.97959050868931e-06 2.34292025922124e-06 1.28351770445295e-06 3.13610952471166e-06 9.62301303396916e-06 7.72560658435195e-06 2.01520406501891e-05 3.07784695772745e-05 4.41487195989944e-05 3.31261179465481e-05
3.92760200958161e-05 2.0429399113384e-05 8.65304692540612e-06 2.93735715199148e-06 1.43677194041221e-06 3.7558181164916e-06 1.15252375764656e-05 9.81598970122974e-06 2.35874885073207e-05 3.5503136678854e-05 4.85415059389116e-05 3.63713773975934e-05
3.5659959200936e-05 1.73796514000801e-05 7.32109287932082e-06 2.39722444517371e-06 1.27254467819743e-06 3.22633919662105e-06 9.49225746028105e-06 7.44577074314856e-06 1.92551908771288e-05 2.99519395490007e-05 4.293200569183e-05 3.31330030174152e-05
4.21129789527751e-05 2.45738349366515e-05 1.15104101332558e-05 4.29661890969556e-06 2.35480570213418e-06 5.3387113039961e-06 1.54986662441827e-05 1.30548015394255e-05 3.27155445822961e-05 4.3202692303961e-05 5.27035133954196e-05 4.01136123588481e-05
2.67089380144474e-05 1.44986048833674e-05 6.74329537249837e-06 2.45072846496965e-06 1.4752647532203e-06 3.59045368740338e-06 1.22713561509627e-05 1.02483529944831e-05 2.34920076703858e-05 3.05046559897285e-05 3.57487478839604e-05 2.81440205468752e-05
3.66070456401528e-05 1.87936018890758e-05 8.36244642747833e-06 2.81907915805086e-06 1.62490216924199e-06 3.97051277987736e-06 1.26850920618269e-05 1.03713761447269e-05 2.46010393984043e-05 3.61687724086928e-05 4.72836027060039e-05 3.59891270547559e-05
4.98993577059807e-05 3.10954978708851e-05 1.50206847259112e-05 5.29330802846822e-06 3.0203490807297e-06 7.36838707526074e-06 2.46314023526641e-05 2.16810249079813e-05 4.85772162554555e-05 5.54102591805866e-05 5.90033805912608e-05 4.82769203319402e-05
3.25248459877008e-05 1.71514199302403e-05 7.35176910298307e-06 2.54223851229041e-06 1.26316758175567e-06 3.35747385085571e-06 1.01856488464106e-05 8.52333639382894e-06 2.06615283546555e-05 3.04032422626967e-05 4.11458280461392e-05 3.0455257588628e-05
3.86923534467903e-05 2.24377003431359e-05 1.05919779316825e-05 3.90670421795128e-06 2.29854543281769e-06 5.50868068409345e-06 1.66427802570945e-05 1.48124602174158e-05 2.93480062855811e-05 3.75030144171882e-05 4.45581871548633e-05 3.69898633058522e-05
3.84900723649822e-05 1.86989294270472e-05 9.15383228554387e-06 3.26602346689639e-06 2.03003256010343e-06 4.47037706963904e-06 1.55205374209346e-05 1.31600621572842e-05 3.23546827199977e-05 4.54469567260639e-05 5.63294377887574e-05 3.94650299266884e-05
2.62910140078109e-05 1.32982640646561e-05 5.4191706308725e-06 1.79706811637198e-06 8.98939342840441e-07 2.38218757298608e-06 7.35422546756727e-06 5.69738713754964e-06 1.69751229559218e-05 2.65143030492468e-05 3.75273048584903e-05 2.62791692937155e-05
3.68592761655474e-05 1.95597152480949e-05 8.30138398049466e-06 2.7151553752531e-06 1.38648365239035e-06 3.61788275467861e-06 1.13185855058581e-05 9.52600084838077e-06 2.3781938477059e-05 3.46336388738076e-05 4.58043797016908e-05 3.40082424791798e-05
2.69097364575795e-05 1.2172495416198e-05 5.96819423081821e-06 2.1612958274151e-06 1.43510064238793e-06 3.12192455844265e-06 1.1199434779764e-05 8.84679089321666e-06 2.44672328047445e-05 3.60812868942172e-05 4.93268884237876e-05 3.26779048782111e-05
4.52532978730681e-05 2.44648110924881e-05 1.19178788326921e-05 4.58895192849001e-06 2.7463860010318e-06 6.34584831653812e-06 2.15047286235266e-05 1.90341595901254e-05 4.55505441129298e-05 5.50029434966771e-05 5.86409801018388e-05 4.5726544824875e-05
3.73859751013562e-05 2.05327533148454e-05 9.26935985046185e-06 3.30036507705665e-06 1.8000384016685e-06 4.47908548611049e-06 1.4231587812125e-05 1.25297452570122e-05 2.87041188093514e-05 3.79999962257176e-05 4.65996259236615e-05 3.62159696633737e-05
3.59148193003162e-05 1.81350095306662e-05 8.19203385929553e-06 2.77052117350592e-06 1.72031462404724e-06 4.19737753620908e-06 1.46671882202497e-05 1.22994848544504e-05 2.9885212415169e-05 4.21448508612796e-05 5.08366915432318e-05 3.72329421714182e-05
3.5481083967252e-05 1.88189319511142e-05 8.16306701779274e-06 2.79903161346063e-06 1.47347198328818e-06 3.74195854658006e-06 1.14471142960632e-05 9.67233278538404e-06 2.33143490336759e-05 3.4836296467415e-05 4.8620912776929e-05 3.39238091329829e-05
1.33751557589532e-05 8.70753920117197e-06 4.83152666976416e-06 1.98572795039047e-06 1.27500220290823e-06 3.11857338876048e-06 1.06812810630531e-05 8.98641630892947e-06 1.75061658170153e-05 1.98145098317872e-05 1.95160037129113e-05 1.7539358521236e-05
3.24268217905173e-05 1.74072771322873e-05 7.62407965055509e-06 2.62671708676892e-06 1.46134059003137e-06 3.68311408144756e-06 1.15532092458459e-05 9.80208981211342e-06 2.23644427418141e-05 3.13858621191043e-05 4.0836867136398e-05 3.11852029556381e-05
2.77035406555168e-05 1.51782575237867e-05 6.82269838835886e-06 2.38442837579572e-06 1.3645229920033e-06 3.31936562198876e-06 1.08299448079425e-05 9.04758549927751e-06 2.02310299534814e-05 2.74761418235832e-05 3.4484503604892e-05 2.72276243604729e-05
1.90125131625597e-05 1.05690001348355e-05 4.75447469838166e-06 1.70770886747739e-06 9.93693051337093e-07 2.34691753005168e-06 7.39595753612294e-06 6.0593398099369e-06 1.38990798238202e-05 2.00325719377912e-05 2.60059073633325e-05 1.92617777257874e-05
3.61190802134066e-05 1.93587048668183e-05 8.21190011339105e-06 2.72820165195481e-06 1.3678545245067e-06 3.60478424778266e-06 1.07303502619261e-05 9.09555020966855e-06 2.18925255864059e-05 3.2130738273808e-05 4.32607010323413e-05 3.2555693702072e-05
3.1827488536512e-05 1.64048829754709e-05 8.7103708911295e-06 3.60263871391256e-06 2.34554662506008e-06 4.86721796353416e-06 1.47767778490396e-05 1.30046337679302e-05 2.91108587772973e-05 3.87560960921889e-05 4.78636173264242e-05 3.4192015716263e-05
3.010229387077e-05 1.58135830174867e-05 7.16511134392054e-06 2.48690645215624e-06 1.46110298427829e-06 3.43135531334962e-06 1.0178314121289e-05 8.05990051704729e-06 1.81544983455352e-05 2.64170794050278e-05 3.5050145096202e-05 2.85310414881457e-05
2.13756078347018e-05 1.23456922660787e-05 6.17739591060075e-06 2.33107823855147e-06 1.45466572879413e-06 3.60054494700598e-06 1.32343962410498e-05 1.10725357222329e-05 2.3374640850522e-05 2.79679777725623e-05 2.9801631782474e-05 2.48072984235403e-05
3.67420628789842e-05 1.93399742872651e-05 8.16927312483949e-06 2.64684804062161e-06 1.33730223250393e-06 3.41108703952291e-06 1.01708916872526e-05 8.16329259134049e-06 2.05086675402311e-05 3.21587953118043e-05 4.56390128485285e-05 3.41034794691668e-05
4.73701673780535e-05 2.37863599911607e-05 1.09211815436996e-05 3.79792888724053e-06 2.12406279419115e-06 5.06307710918827e-06 1.6458540487111e-05 1.40625050403894e-05 3.32623621624345e-05 4.70144512734716e-05 5.91230303759106e-05 4.5095363042496e-05
3.32404085456346e-05 1.77436273286048e-05 7.59424377972537e-06 2.56755338348761e-06 1.31021372570643e-06 3.35062038137586e-06 9.97233019268063e-06 8.27556977792872e-06 2.22841259719706e-05 3.376936140157e-05 4.59688536646561e-05 3.14463831666467e-05
4.36643215526464e-05 1.81265435343014e-05 9.92405003523086e-06 4.30752447191497e-06 2.7681206252759e-06 5.66158608003356e-06 1.94319946570018e-05 1.70053218478859e-05 3.54821147671891e-05 4.95002372907004e-05 6.2212382587388e-05 4.27815745070904e-05
3.92657779397581e-05 2.13099635249972e-05 1.0258491616679e-05 3.64423568147246e-06 2.0927249553875e-06 4.85629573501335e-06 1.48172436921639e-05 1.22789008631589e-05 2.88537928167073e-05 3.9820800948381e-05 4.91615684245741e-05 3.78656300709711e-05
2.24679568132913e-05 1.1912295502648e-05 5.31564323113503e-06 1.92987790353125e-06 1.09420312975194e-06 2.5280610050236e-06 7.32951717423701e-06 5.84692893386129e-06 1.3205610241465e-05 1.96963674033142e-05 2.70301219673038e-05 2.15208543001543e-05
3.75029979574823e-05 1.98062573153707e-05 8.12199744571139e-06 2.73753659146098e-06 1.30808629193042e-06 3.37765489064508e-06 9.87938140073621e-06 8.14571148025237e-06 2.180038615397e-05 3.32178326519738e-05 4.52934707034604e-05 3.35616977622584e-05
2.30886145727033e-05 1.15861259387749e-05 5.21790773431134e-06 1.90264662358953e-06 1.10958529328374e-06 2.67453857451074e-06 8.3784010366922e-06 6.80430696441624e-06 1.63489803639618e-05 2.35283875949042e-05 3.30059013099718e-05 2.50427872442759e-05
2.99627182279428e-05 1.55718744379657e-05 6.82685463138625e-06 2.36107989282945e-06 1.29861361770548e-06 3.25359249198412e-06 1.02966074215753e-05 8.47005381021771e-06 2.00832131217099e-05 3.00569996734781e-05 4.21395598358449e-05 3.03990461344305e-05
1.98226202942936e-05 1.15784473338228e-05 6.17991342295129e-06 2.38155108850471e-06 1.66766538928693e-06 3.85616458863086e-06 1.35225994553973e-05 1.11010311245134e-05 2.11035408153362e-05 2.56745803228329e-05 2.60132774015798e-05 2.50541962205186e-05
4.03638307590756e-05 2.18994414117386e-05 9.58071203413604e-06 3.29250081546743e-06 1.68388312103611e-06 4.27258322207313e-06 1.28573375637333e-05 1.10217057369862e-05 2.51207034102347e-05 3.61934023444264e-05 4.86229432508838e-05 3.68999636271718e-05
1.84326166227655e-05 1.14965476002474e-05 5.92116081133077e-06 2.30367365868411e-06 1.48117547735527e-06 3.48361639671884e-06 1.10508676671062e-05 9.23444241176423e-06 1.70301504019198e-05 2.08925354816459e-05 2.36708045239486e-05 2.0837576068224e-05
3.60156070776761e-05 1.82705500570562e-05 7.78730096718882e-06 2.57456773591286e-06 1.35102660888236e-06 3.45377813811382e-06 1.02629837546625e-05 8.1612621138703e-06 2.04068375415416e-05 3.17805606106177e-05 4.50934415823872e-05 3.43962740434806e-05
2.92013566201609e-05 1.66218349668744e-05 8.62420954665628e-06 3.33534302054017e-06 2.28319866376889e-06 5.17479184472224e-06 1.85180961878218e-05 1.60388013877703e-05 3.32508433388845e-05 3.95800446864449e-05 4.06072449433625e-05 3.33664009659077e-05
2.30054351356917e-05 1.12551868675313e-05 4.64915913240278e-06 1.63418605274515e-06 9.17267468971875e-07 2.2956275823352e-06 6.64603436753414e-06 5.19224145291974e-06 1.35516998196575e-05 2.04721774372892e-05 2.90283084475584e-05 2.266059845444e-05
2.98054851021094e-05 1.68895405844524e-05 8.2811237353636e-06 3.11685790861489e-06 1.95267411743142e-06 4.60987254570744e-06 1.46338512477384e-05 1.23857078159547e-05 2.49872270290895e-05 3.33143095434833e-05 3.8790443767997e-05 3.11348304563005e-05
6.3682116827503e-05 3.03371326057936e-05 1.4924625938763e-05 5.71020207285816e-06 3.60892132396398e-06 8.09371537952562e-06 2.79271115317211e-05 2.37971846192495e-05 5.85136489832507e-05 7.46160484337789e-05 7.78826641078245e-05 5.13409384154741e-05
3.66891972396192e-05 1.85366893333151e-05 9.13910559543897e-06 3.27981001109498e-06 2.26190685687994e-06 5.01545981558029e-06 1.59495207859682e-05 1.25797386317368e-05 2.89782373370535e-05 4.08503504894157e-05 5.03153272553667e-05 4.0386973896496e-05
4.89394095190462e-05 2.6300071853465e-05 1.2368369712324e-05 4.62202590328391e-06 2.6355398923629e-06 6.3970050662961e-06 2.07738275264213e-05 1.89803441476957e-05 4.53488384808328e-05 5.59613480496166e-05 6.20670735291127e-05 4.7228016583067e-05
5.19537314923159e-05 3.05996805254043e-05 1.5263494381764e-05 5.87699135502118e-06 3.42227824503465e-06 7.89210525268971e-06 2.42224453375627e-05 2.15207955434957e-05 4.6610018506001e-05 5.65132235694115e-05 6.18557072188476e-05 4.94405964265201e-05
3.45169184273442e-05 1.90140722288202e-05 8.45396799617887e-06 2.82680053214654e-06 1.50658032525423e-06 3.92693241680641e-06 1.21783901387853e-05 1.01595736604203e-05 2.33102911957509e-05 3.18997355588531e-05 4.04482177157493e-05 3.20331777637656e-05
1.24754714075964e-05 7.02987791785127e-06 3.38542828351751e-06 1.31619942515619e-06 8.29643876704383e-07 1.90439442021613e-06 6.17131653597985e-06 4.99948459354029e-06 1.12886591499973e-05 1.63259120407249e-05 2.18910047502627e-05 1.57767875998517e-05
1.63307106092386e-05 8.44015238269177e-06 3.63062735450272e-06 1.31333699468512e-06 7.37340227881216e-07 1.78255362536033e-06 5.42587081753264e-06 4.31130238137286e-06 1.24297092587531e-05 1.83998935554383e-05 2.5063737850467e-05 1.77051812271817e-05
3.75238245847078e-05 1.83938554321557e-05 7.62775390123153e-06 2.57592880798439e-06 1.33816739941048e-06 3.35080703954783e-06 1.0510540657303e-05 8.56922870357274e-06 2.36531001850943e-05 3.6525052587108e-05 5.31636803655002e-05 3.69272285874842e-05
2.13580015709644e-05 1.06948887605812e-05 4.50204074556798e-06 1.54314974382041e-06 8.90041416442765e-07 2.2632964259549e-06 7.08227795064373e-06 5.60740120726637e-06 1.49989739592317e-05 2.24625663046418e-05 3.02329775821855e-05 2.35626241471336e-05
6.87016440562502e-05 3.2905624919335e-05 1.48759451610901e-05 5.17463420536015e-06 3.25243493634108e-06 7.56812314277697e-06 2.52826449427755e-05 2.13182025589472e-05 5.52734736082614e-05 7.2879969805302e-05 8.38136491161693e-05 5.53917405808996e-05
4.23354013608431e-05 2.19772417386957e-05 1.04482569775977e-05 3.87216484340719e-06 2.30380329644955e-06 5.52398145853586e-06 1.79174318551045e-05 1.5392613411092e-05 3.63020438926927e-05 4.65354347510409e-05 5.37523303288021e-05 4.27775020748398e-05
4.02947259057588e-05 2.30722061858477e-05 1.09559841348076e-05 4.22567482359572e-06 2.29581133638465e-06 5.38357830813639e-06 1.51692551097023e-05 1.29215889785148e-05 3.26194691508915e-05 4.31833040927605e-05 5.33285474163466e-05 3.95004445051026e-05
4.79014790200621e-05 2.71081411881579e-05 1.31710453784351e-05 5.00789852850415e-06 2.8208459719936e-06 7.02496035314253e-06 2.10365114900546e-05 1.90894167875476e-05 4.14989587673897e-05 5.10685379877966e-05 5.75898936521654e-05 4.63621725563551e-05
3.38656921864854e-05 1.77792408398425e-05 8.17375263853568e-06 2.85559262295448e-06 1.67460072043232e-06 4.12286254494163e-06 1.24944969907737e-05 1.04675000121566e-05 2.20234855805574e-05 3.18050810023411e-05 4.18970552600855e-05 3.31750844600539e-05
1.95522876231614e-05 1.17684206181306e-05 5.62955030653916e-06 2.23914980824734e-06 1.16186376720544e-06 2.91880191865438e-06 7.84049096888293e-06 6.39493514426613e-06 1.33289553018779e-05 1.79996575606898e-05 2.1463799670297e-05 1.87919194842729e-05
3.34164413078298e-05 1.6812293121847e-05 9.50194485758416e-06 3.75605902960969e-06 2.5856526351397e-06 5.42713751699272e-06 1.86413770715638e-05 1.59579859217222e-05 3.56241588538807e-05 4.38646305542179e-05 4.72642733237561e-05 3.93598572790471e-05
3.41359680505981e-05 1.88527729630972e-05 8.55402442581455e-06 3.05119039045914e-06 1.72047009591938e-06 4.083903754776e-06 1.23664111822288e-05 1.04685670277519e-05 2.23617532227607e-05 3.14074721951116e-05 4.11795718561389e-05 3.26611799974284e-05
4.85185898157235e-05 2.46942782295415e-05 1.06300482335286e-05 3.48218257495819e-06 1.98852232107487e-06 4.8622373380626e-06 1.5550470976791e-05 1.26603091973392e-05 3.10037150375492e-05 4.66365267977028e-05 6.15827705129882e-05 4.55620483370401e-05
1.40173660455212e-05 7.95591559102619e-06 3.57029973280234e-06 1.29616254483469e-06 7.65990642936445e-07 1.75551213774007e-06 4.60768249768394e-06 3.67654857386869e-06 8.48092974085301e-06 1.17985856120019e-05 1.58239393102908e-05 1.30020316297836e-05
3.31481051736017e-05 1.68457991305836e-05 7.74299769148658e-06 2.9209217177862e-06 1.68238624142357e-06 4.04612565859687e-06 1.21565230861966e-05 1.00082058717547e-05 2.8736662591683e-05 3.88964928964195e-05 4.95533782211764e-05 3.44124697354851e-05
3.13810929015301e-05 1.68336242086551e-05 7.21399817669149e-06 2.53059125912609e-06 1.20199049930281e-06 3.16301253251266e-06 8.12194598697289e-06 6.3763285573066e-06 1.54782597080925e-05 2.40095465106138e-05 3.40603940447925e-05 2.68322138894334e-05
2.6942277091195e-05 1.38203910808764e-05 5.60627427998502e-06 1.78572718929347e-06 8.82939258304142e-07 2.2807335107473e-06 6.21332623173739e-06 4.85894948030445e-06 1.29746766201803e-05 2.0900574042201e-05 3.08645733635875e-05 2.36883835652907e-05
3.87726730396456e-05 2.02871916600263e-05 8.46685154422243e-06 2.75663522439141e-06 1.45934574614557e-06 3.59207549147184e-06 1.05968035051438e-05 8.63970211352427e-06 2.08562993494614e-05 3.25451703786072e-05 4.5708382227567e-05 3.53263787487278e-05
3.45268695414929e-05 1.80992749475585e-05 7.45988058751535e-06 2.4776130362932e-06 1.25573834889126e-06 3.17148569718826e-06 9.1854159652056e-06 7.42260336996042e-06 2.01679545475771e-05 3.14424529592158e-05 4.56075624837414e-05 3.19861177234997e-05
5.84157446383507e-05 2.99311537022023e-05 1.42139960495748e-05 5.55853825506789e-06 3.39790112077105e-06 7.98768693209295e-06 2.65978660102582e-05 2.32118794941481e-05 6.04444209869563e-05 7.07995332631519e-05 7.26906204489953e-05 5.41006347086584e-05
4.95942781620947e-05 2.509763846036e-05 1.46615036425315e-05 5.47717028043037e-06 3.52048925984807e-06 8.0573264801907e-06 2.94884792791286e-05 2.52377773566828e-05 5.7460511528503e-05 6.74641554312503e-05 6.57165325884342e-05 4.57059064458503e-05
6.22131234498006e-05 3.26388763451266e-05 1.52230158250015e-05 5.69960012450507e-06 3.33958516761918e-06 7.86014828324527e-06 2.42748057339129e-05 2.04483378403409e-05 5.04375947129445e-05 6.43954707832976e-05 7.38396416523351e-05 5.61040475493256e-05
6.39079642502407e-05 3.30733419508483e-05 1.53381863286187e-05 5.51748280248806e-06 3.17352328101753e-06 7.68150253436259e-06 2.37317136736103e-05 2.02641074634674e-05 4.91624491297146e-05 6.4671488538595e-05 7.61983818610239e-05 5.52656848931353e-05
3.95309528669147e-05 2.14136859801373e-05 9.90619569232971e-06 3.64391601349444e-06 2.23987669861902e-06 5.30890913669876e-06 1.78624093901652e-05 1.58727619777101e-05 3.66330599792503e-05 4.49654823263706e-05 5.11131935975847e-05 3.94527422363153e-05
2.66144663578838e-05 1.43338535529346e-05 6.64725257354074e-06 2.28978537982221e-06 1.36051213556685e-06 3.48071724673736e-06 1.16084046609699e-05 9.47288517777925e-06 2.16674099750559e-05 2.96806986865319e-05 3.52372581924072e-05 2.82870461663942e-05
1.74259954666735e-05 9.64149660825085e-06 4.43977998168706e-06 1.62558829314049e-06 9.99529597799183e-07 2.43048538072718e-06 7.73899057466042e-06 6.31366634014297e-06 1.34384153433015e-05 1.85569248604359e-05 2.38221136778208e-05 1.88240673875614e-05
2.98543058759447e-05 1.79153671855811e-05 9.73463716581356e-06 3.94794696382669e-06 2.5044790563654e-06 5.699672843917e-06 1.85231892046114e-05 1.61374631164899e-05 3.26603362402239e-05 3.78425483104912e-05 3.85307806137808e-05 3.36704502178333e-05
2.23469594072765e-05 1.28176010641749e-05 5.92128287545519e-06 2.14972070760063e-06 1.21980593491972e-06 3.00291523221326e-06 9.32245161166791e-06 7.76741415756608e-06 1.67105737165288e-05 2.28081221831135e-05 2.95224748143931e-05 2.29446644109946e-05
5.34776144301585e-05 2.7311967648813e-05 1.22298107067825e-05 4.2506554364781e-06 2.34797888700762e-06 5.62955639980131e-06 1.72137403684044e-05 1.45058789331836e-05 3.6588593618817e-05 5.1184232931305e-05 6.46795049911009e-05 4.9338524582475e-05
4.0395398313054e-05 2.06783109648752e-05 9.56807668900777e-06 3.34916840627443e-06 1.8472418665393e-06 4.55199488087633e-06 1.33110546396034e-05 1.04517788842766e-05 2.52356945549118e-05 3.73073694618375e-05 4.90093396708108e-05 3.99443293525439e-05
2.80616492255526e-05 1.51058384256528e-05 6.97236183748979e-06 2.44289244736414e-06 1.46994166346041e-06 3.75713334618793e-06 1.20741930969187e-05 9.66426134322192e-06 2.30345397979216e-05 3.20765789534902e-05 3.75480651268783e-05 3.03050252707814e-05
4.70809614734215e-05 2.42061509189183e-05 1.06453345657491e-05 3.78937963129436e-06 2.0205051435192e-06 4.77482439484772e-06 1.4340922651865e-05 1.20666153673959e-05 3.46367898146679e-05 4.91058225302967e-05 6.27076979143884e-05 4.34518323595328e-05
2.95519084061695e-05 1.62272033569968e-05 7.61147138967461e-06 2.70819123006977e-06 1.48839556837139e-06 3.67399523019633e-06 9.84179524831988e-06 7.91542804687518e-06 1.7097749188666e-05 2.46397033480976e-05 3.25069427578527e-05 2.68874201968839e-05
2.9141340348001e-05 1.64340130804989e-05 7.77712648779832e-06 2.84264843223452e-06 1.61008589798663e-06 4.00639908795588e-06 1.29085106533931e-05 1.11275834099995e-05 2.31638263684941e-05 3.01964900339437e-05 3.6689428403918e-05 2.89808057226831e-05
2.17888011576915e-05 1.03100532896126e-05 4.21497391153897e-06 1.42123566521643e-06 8.927188876537e-07 2.27990777757263e-06 6.37073226059486e-06 4.936517830571e-06 1.29959921788337e-05 1.95428494766867e-05 2.73067024927761e-05 2.15790095307319e-05
1.55627508086155e-05 8.07750422364403e-06 4.29635688811177e-06 1.69259052645907e-06 1.17103100678843e-06 2.53895571862544e-06 7.48440816356922e-06 6.10743385322701e-06 1.17525068319739e-05 1.58349317138966e-05 1.90686077805797e-05 1.57316025652474e-05
4.5167190927315e-05 2.5524848640333e-05 1.38181545588494e-05 5.43305071796713e-06 3.24671305375799e-06 7.51437169805925e-06 2.25581483177571e-05 2.00189732266959e-05 4.02232513250338e-05 4.92312269301475e-05 5.43877023919292e-05 4.52719314388688e-05
2.87777698784486e-05 1.54039130916457e-05 6.84054221753854e-06 2.39679780567037e-06 1.25857396867114e-06 3.20631897699743e-06 9.31678304393841e-06 7.57237224998833e-06 1.78993215591003e-05 2.55731881916526e-05 3.49272166531715e-05 2.87152098123001e-05
3.44219898642726e-05 1.82402675464304e-05 7.63980262120121e-06 2.49295756715344e-06 1.20202126171735e-06 3.19901222935064e-06 9.178551688108e-06 7.35980133311822e-06 1.79985881383689e-05 2.80325499583283e-05 3.9693117131668e-05 3.0850567635995e-05
2.11686588017199e-05 9.49832622394229e-06 4.45871764647018e-06 1.665197017631e-06 1.12416801334897e-06 2.53814859502931e-06 8.13775274320871e-06 6.67911719376034e-06 1.41405183034369e-05 2.0602132803609e-05 2.77195935870395e-05 2.18387110407595e-05
2.31651539445988e-05 1.30665167725702e-05 6.56147011590526e-06 2.50963763540376e-06 1.59604521586406e-06 3.78746902826694e-06 1.28734347111702e-05 1.07242529618465e-05 2.10785390493422e-05 2.64789537337172e-05 2.97501480217921e-05 2.56069494976915e-05
5.41240914666274e-05 2.74309944111875e-05 1.21151230235936e-05 4.06973065298801e-06 2.45737396658676e-06 5.79897345634379e-06 1.86850218699147e-05 1.51194314197924e-05 3.65347052920309e-05 5.35900956457216e-05 6.96588804656759e-05 5.04624799773845e-05
2.16190525570294e-05 1.23586637894912e-05 7.93046001691971e-06 3.2565115375818e-06 2.3965928947502e-06 5.05953121705515e-06 1.89209818922067e-05 1.60986669093466e-05 3.01722397677349e-05 3.44966590384003e-05 3.37165280979372e-05 2.92057211764942e-05
3.75241689831216e-05 1.84181497089148e-05 7.53160618419328e-06 2.445370082439e-06 1.1716843709898e-06 3.09981437917365e-06 8.9239709263362e-06 6.99082491552279e-06 1.88824403603149e-05 3.00875220842099e-05 4.42253080731666e-05 3.35942981733859e-05
3.6489755266773e-05 1.97106729230698e-05 8.4099497143059e-06 2.81530834145186e-06 1.39633050128058e-06 3.67023733538084e-06 1.07037615418894e-05 9.01989352502195e-06 2.0888700404095e-05 3.08255221598353e-05 4.21403537180517e-05 3.24680772340021e-05
4.2794534992849e-05 2.16654285446122e-05 1.0268415706145e-05 3.7643355039193e-06 2.34923918198567e-06 5.39909601470295e-06 1.8112731385046e-05 1.49119964261698e-05 3.35686188668432e-05 4.70968826861853e-05 5.78879172975006e-05 4.43250823610679e-05
4.46919368940578e-05 2.31341823341096e-05 9.98927130224899e-06 3.45290850737582e-06 1.73688010994879e-06 4.3682707450938e-06 1.22172769242497e-05 1.0035573484576e-05 2.71930983846627e-05 4.07347883440056e-05 5.45037846617386e-05 4.01356625692736e-05
3.25316519598704e-05 1.7107673816126e-05 6.81604752572659e-06 2.15950285807006e-06 9.65280464491906e-07 2.66552400582229e-06 7.44250003011912e-06 5.85649555008984e-06 1.62527882834016e-05 2.64757950066501e-05 3.910031581893e-05 2.8755659056316e-05
1.82949642579939e-05 1.01633687713951e-05 4.82464244962634e-06 1.78386193420074e-06 1.10318064424997e-06 2.66643169564746e-06 9.34772279244591e-06 7.77099518799422e-06 1.70553451817169e-05 2.17920570561058e-05 2.51286301534887e-05 2.09317223857113e-05
6.15777775199682e-05 3.05991863555852e-05 1.46126606136935e-05 5.20397484193598e-06 3.22432186045641e-06 7.26143765224815e-06 2.36649322600186e-05 2.01980988900316e-05 4.90099815303165e-05 6.51426976552406e-05 7.63992809065906e-05 5.18977491320802e-05
5.07594478641779e-05 2.67664310408736e-05 1.20995054993529e-05 4.31250830517815e-06 2.51593232620911e-06 6.04824100987727e-06 2.01155342663332e-05 1.7855150028957e-05 4.22326066154748e-05 5.60042380302102e-05 6.43069520546463e-05 4.67900803250588e-05
4.47254051837712e-05 2.30702446726515e-05 9.56992420419242e-06 3.14938913774554e-06 1.75137297919657e-06 4.21749891072961e-06 1.35650850847413e-05 1.15791837440329e-05 3.13724506927764e-05 4.43772225001263e-05 5.67246745759217e-05 4.13864962481128e-05
2.87231095783953e-05 1.49517884626095e-05 6.93039910989182e-06 2.45101673491799e-06 1.55876363176542e-06 3.62488256058738e-06 1.207898272324e-05 9.66291671233941e-06 2.16444387780971e-05 3.03051548015744e-05 3.77449038203249e-05 3.05823191210366e-05
4.24099065322349e-05 2.33943794651094e-05 1.03098510468222e-05 3.51762668811614e-06 1.86309358362862e-06 4.74445781027231e-06 1.47043456262673e-05 1.30011828478506e-05 3.05453513801249e-05 4.08560175006928e-05 5.05003205638667e-05 3.94077833483241e-05
2.4478395256426e-05 1.19391378435512e-05 5.01392057798612e-06 1.76055267842264e-06 1.10130859445152e-06 2.54032962978472e-06 7.63907016097744e-06 6.03383643402877e-06 1.46447282542387e-05 2.10052051611475e-05 2.91301245907347e-05 2.3222236576928e-05
4.17683893661287e-05 2.06374752035223e-05 8.93651219187484e-06 3.0166826873972e-06 1.61314128411794e-06 4.0622051610763e-06 1.30863468010354e-05 1.10968832608437e-05 2.64500486817622e-05 3.95819381236408e-05 5.46707529846064e-05 4.03281846696291e-05
4.47116845719098e-05 2.30280500119915e-05 1.01648723449885e-05 3.33047342151855e-06 1.92685721267069e-06 4.90408485647783e-06 1.67001544255365e-05 1.41668608559091e-05 3.38780724811674e-05 4.83347472406876e-05 5.93385676192873e-05 4.33098970005977e-05
2.75065876883384e-05 1.50269006452728e-05 6.64592772192591e-06 2.37808607553613e-06 1.28756917343303e-06 3.23340922482071e-06 1.03141577699435e-05 8.52632227055005e-06 2.01555684899939e-05 2.77885619353866e-05 3.51484731369418e-05 2.71704151054244e-05
1.52321336942707e-05 7.73961976353774e-06 3.60859470358998e-06 1.32817454023008e-06 9.3790152393553e-07 2.09963518434627e-06 6.61176180065517e-06 5.27677951399957e-06 1.22979908019968e-05 1.63475024807821e-05 2.18165292648663e-05 1.78249959260236e-05
1.41701989561795e-05 7.94367553657656e-06 4.16052803534534e-06 1.65908159153245e-06 1.13967993790587e-06 2.61510614103312e-06 9.01710918750691e-06 7.49740172301984e-06 1.49205265986011e-05 1.860312258663e-05 2.16063916807154e-05 1.68964427700376e-05
3.60218330982114e-05 1.79161800866738e-05 8.16048899178212e-06 2.8295141942841e-06 1.67248822239078e-06 4.05883275247015e-06 1.29748815378151e-05 1.02657511314145e-05 2.48647693855855e-05 3.66287628137871e-05 4.76343338050328e-05 3.72426935791734e-05
2.72675711076532e-05 1.46000386638512e-05 6.56279899901662e-06 2.40249775856554e-06 1.40243111266348e-06 3.37366167804677e-06 1.1576153423764e-05 9.71114750836528e-06 2.29059169197205e-05 3.04068044376494e-05 3.66823564747184e-05 2.84815947812463e-05
3.0718760090877e-05 1.47802047075245e-05 6.08994200628484e-06 1.98898518402171e-06 1.01309058220107e-06 2.64954868271005e-06 8.14476641200027e-06 6.47509507642989e-06 1.768817212154e-05 2.7626042980268e-05 3.97588584689787e-05 2.99749301741723e-05
3.02459012655029e-05 1.55704623945158e-05 8.56840764603584e-06 3.61280525181998e-06 2.45129894027538e-06 5.27741831430727e-06 1.8985869360315e-05 1.68316959542581e-05 3.16011977926492e-05 3.51835779862904e-05 3.95001365189417e-05 3.20049825615241e-05
4.46403566830688e-05 2.32777319275487e-05 1.21002403789209e-05 4.37823291705585e-06 2.61255323440709e-06 6.21202268450096e-06 2.11259113373749e-05 1.89072671709537e-05 3.97249818065121e-05 5.05158847782511e-05 5.73812779266919e-05 4.41566746728247e-05
4.80928103458566e-05 2.57080443610499e-05 1.1326054280906e-05 3.99271862777537e-06 2.19469217995585e-06 5.32216957159608e-06 1.69841884117154e-05 1.49814473351491e-05 3.63781329760669e-05 4.88201445143277e-05 5.95989650747092e-05 4.41297281933872e-05
6.41144049373187e-05 3.44083825078578e-05 1.54175380124641e-05 5.58673236495834e-06 3.14040443520906e-06 7.70190693840222e-06 2.36137773639777e-05 2.02710039313704e-05 5.07155939198632e-05 6.50760004904388e-05 7.55052814114644e-05 5.78065331329524e-05
3.7903552260493e-05 2.02841861102833e-05 9.73038856912478e-06 3.5907009000235e-06 2.39862680393939e-06 5.39542984561446e-06 1.84674909793237e-05 1.65517809276898e-05 3.802892977893e-05 4.63326615176119e-05 5.10021434281613e-05 3.87716305596824e-05
3.47124003985167e-05 1.77528187699175e-05 8.006019424765e-06 2.75509070672979e-06 1.60232873668271e-06 4.00313571732233e-06 1.36151461476093e-05 1.15628290150482e-05 2.77113919405845e-05 3.86745218713198e-05 4.78140708607514e-05 3.541687612688e-05
2.26026549813273e-05 1.23242233755306e-05 5.81570178993168e-06 2.17066855936243e-06 1.2658626828075e-06 3.0315311666104e-06 9.31082591448176e-06 7.68643172147084e-06 1.6018023526542e-05 2.1769066285094e-05 2.83526532525163e-05 2.4209543238497e-05
2.55174496486896e-05 1.23168394654517e-05 5.05517237081991e-06 1.73777801509325e-06 9.67219054949802e-07 2.43412698972801e-06 7.66747513424346e-06 5.99280427331544e-06 1.67273223875847e-05 2.5488475645794e-05 3.65282189392282e-05 2.69306510456899e-05
1.2539799239101e-05 6.39640554431136e-06 2.6035651895051e-06 8.8523436773867e-07 5.27779065519273e-07 1.48870964632952e-06 4.52955252738008e-06 3.63872065610011e-06 9.26475708481922e-06 1.37905995119209e-05 1.77783024226573e-05 1.45244728595323e-05
2.97892228120669e-05 1.58149339382033e-05 7.55760535560546e-06 2.73875422726778e-06 1.6421096870066e-06 4.11774639719449e-06 1.41611127311955e-05 1.17864788068618e-05 2.586199739321e-05 3.39684503087706e-05 3.98396828866226e-05 3.13479230875661e-05
9.55473565929552e-06 5.82132213237164e-06 2.51708106249717e-06 8.92310618888442e-07 5.4980392407675e-07 1.43121282615949e-06 3.80153240544328e-06 2.98470340341297e-06 6.71144443570626e-06 9.13429256825905e-06 1.05059026248802e-05 9.83216634958032e-06
3.03671920089743e-05 1.48215427860161e-05 8.17802097155308e-06 3.16988183441312e-06 2.07542112651902e-06 4.44773137859013e-06 1.52857619271238e-05 1.32848036424777e-05 2.75200793120842e-05 3.80681057786388e-05 4.65831017520075e-05 3.39149861485245e-05
4.2657674874593e-05 2.46452730957448e-05 1.14502322427748e-05 4.16152931921424e-06 2.16457607431574e-06 5.29647316523296e-06 1.52778758592355e-05 1.36961010053497e-05 3.23717045525352e-05 4.43002005464288e-05 5.28007529306423e-05 3.94996794188386e-05
4.26696011165268e-05 2.24781152708742e-05 9.97691401854863e-06 3.51343062407624e-06 2.13805113465641e-06 4.9987902322094e-06 1.62285030469831e-05 1.41563367625684e-05 3.39282268856328e-05 4.51614457460539e-05 5.45187231688666e-05 4.07472002516392e-05
2.69660684811766e-05 1.50079286602727e-05 7.4973256975456e-06 2.78849866189683e-06 1.7751335521654e-06 4.39273380936087e-06 1.49484759855198e-05 1.25021459932212e-05 2.65034255925147e-05 3.39391090734001e-05 3.71628247567843e-05 3.05609808789949e-05
3.76579266976034e-05 2.11500265372742e-05 9.799877016549e-06 3.53993749003646e-06 2.08380186744399e-06 4.86934028721473e-06 1.54105745126729e-05 1.37029593020173e-05 2.87491803975107e-05 3.7639636132752e-05 4.56501712490472e-05 3.63149099830363e-05
3.94717352437519e-05 1.93292643670917e-05 1.22253993368863e-05 4.82970875428277e-06 3.14203257749063e-06 7.00293256405586e-06 2.59506519621239e-05 2.23075199484394e-05 5.02121335883498e-05 5.92047540436463e-05 5.86468897423172e-05 4.26904536953594e-05
2.56994236474916e-05 1.33734831752629e-05 6.16243792055833e-06 2.24335685613122e-06 1.3578159675363e-06 3.26091302930554e-06 1.10085045568361e-05 9.01484707527488e-06 1.98228126997983e-05 2.72320262021241e-05 3.39753410251034e-05 2.69524457754339e-05
2.20253890541871e-05 1.24763257263032e-05 5.84714099603595e-06 2.12388829274866e-06 1.3611690800428e-06 3.17007958047942e-06 1.11365229215805e-05 9.20010420863773e-06 2.09229393621913e-05 2.61565603476513e-05 2.89908014764266e-05 2.42621563666114e-05
5.3850081610587e-05 2.7700429496285e-05 1.18169571471787e-05 3.99554642117408e-06 2.31987547707343e-06 5.54674736326094e-06 1.78225219709669e-05 1.59039215571373e-05 4.28979277365371e-05 5.71225208550089e-05 6.77013200573413e-05 4.81946705004284e-05
1.79932062566194e-05 9.00565871643566e-06 4.41963062978558e-06 1.81887154078995e-06 1.23071465535664e-06 2.72642790725521e-06 8.45600971562142e-06 7.05078132263576e-06 1.32314344258008e-05 1.73870828681571e-05 2.18939845601765e-05 1.85985309711968e-05
2.07130663079847e-05 1.15798903966135e-05 6.4376953516193e-06 2.55981968233861e-06 1.61087254919533e-06 3.94386295206507e-06 1.1881828365485e-05 9.6642433623533e-06 1.99080677664102e-05 2.60410536893203e-05 2.84283090602204e-05 2.64389096519455e-05
2.61049703495645e-05 1.43775929814711e-05 7.65564159901803e-06 2.90453861235853e-06 2.00357897199747e-06 4.89600961158294e-06 1.90591086332527e-05 1.58392675637881e-05 3.58243712874477e-05 4.17685497606848e-05 4.08056256458136e-05 3.24546344782713e-05
3.62804323061368e-05 1.92393812132244e-05 7.71831123086878e-06 2.42435157689996e-06 1.07633213865375e-06 2.96373606296088e-06 8.3026178163069e-06 6.629228609036e-06 1.85484110591448e-05 2.99118791535957e-05 4.35419535600483e-05 3.13707728258721e-05
3.38253677252534e-05 1.7713739996873e-05 8.0712436442775e-06 2.77599370443898e-06 1.60765737615892e-06 4.01909520757905e-06 1.34071888733214e-05 1.11309120846222e-05 2.55578036482667e-05 3.53768126388544e-05 4.41486424989409e-05 3.42893989291828e-05
5.50151787013905e-05 2.97287518850296e-05 1.40639015863077e-05 5.04016780121286e-06 2.80644497861947e-06 6.67095333866101e-06 2.08773509609495e-05 1.79149670751685e-05 4.14649362758299e-05 5.65077866172604e-05 6.67902457715498e-05 5.11329554138056e-05
3.14814808483908e-05 1.61271985038755e-05 7.54176876979104e-06 2.69306277368805e-06 1.50584201797519e-06 3.72660679357582e-06 1.10642124203228e-05 8.83512999008162e-06 2.03190288626002e-05 2.95762097296637e-05 3.8282183661539e-05 3.16837455055376e-05
4.08109880519218e-05 2.30251226972992e-05 1.13132612393348e-05 4.30255290843773e-06 2.69460341793172e-06 6.32398867314666e-06 2.08937299074943e-05 1.87966018113133e-05 4.19946535633292e-05 4.91163938806064e-05 5.23662969182527e-05 4.21964262493932e-05
2.57714914846814e-05 1.3362287330984e-05 5.85682255040759e-06 1.98171756861974e-06 1.13687369897068e-06 2.85313029691041e-06 9.32786612225947e-06 7.53441274487775e-06 1.78766289365593e-05 2.57358937096329e-05 3.34104021564896e-05 2.60996109779987e-05
2.67471172924977e-05 1.38489455232398e-05 6.81873616017353e-06 2.5761107894566e-06 1.54530364733e-06 3.73890392799382e-06 1.18381661615474e-05 9.84504223855735e-06 1.95673215273489e-05 2.74807886684397e-05 3.60852968981089e-05 2.82492459738518e-05
3.23887078977263e-05 1.80138799597241e-05 8.89725418832897e-06 3.23973125144202e-06 1.94337945116756e-06 4.56822914216264e-06 1.32428430059071e-05 1.07651973703325e-05 2.18778378134139e-05 2.97793495059182e-05 3.68893242293929e-05 3.17583523542323e-05
3.32989649767172e-05 1.50325429979044e-05 7.82373719965697e-06 3.06758469543816e-06 1.99325197352991e-06 4.30245870762987e-06 1.44412603627336e-05 1.2272094056086e-05 2.80490059110878e-05 3.82598367555569e-05 4.84427443573362e-05 3.54880088097311e-05
3.81949900024971e-05 1.97303290321978e-05 8.12935793851135e-06 2.61559525942775e-06 1.26949545411176e-06 3.28968001980734e-06 8.78482795685184e-06 6.79124671485485e-06 1.79361320814123e-05 2.88635660063891e-05 4.24368800423906e-05 3.25633915714775e-05
1.76245283014175e-05 9.99955829414719e-06 4.9921484853286e-06 1.9147989273386e-06 1.21644633741246e-06 3.0154232262792e-06 9.94418913353355e-06 8.13120818106313e-06 1.64527860755898e-05 2.11625331107269e-05 2.35445964739804e-05 2.03638309877853e-05
2.8706190905374e-05 1.44432477240324e-05 6.36214532642434e-06 2.23606767619743e-06 1.28456104253482e-06 3.08105675586178e-06 8.89995849185784e-06 7.12045544658523e-06 1.74403349502727e-05 2.65950445841403e-05 3.78313892031933e-05 2.9233593179223e-05
2.25386662025687e-05 1.32688585108392e-05 6.32726207814084e-06 2.34485451133481e-06 1.38166147540372e-06 3.2975292967622e-06 1.03335246886803e-05 8.66941515972268e-06 1.69993558757177e-05 2.15665004165417e-05 2.5825305774377e-05 2.15605336086199e-05
2.30552942449133e-05 1.10765606249617e-05 4.66623099577788e-06 1.69755477052362e-06 1.01894072186186e-06 2.36175834438618e-06 6.99125004356898e-06 5.58717642405285e-06 1.34371157640011e-05 1.9681294673282e-05 2.75095449854175e-05 2.17204089733766e-05
2.39980300269929e-05 1.20306527491491e-05 5.37739707203485e-06 1.90975472666115e-06 1.08652568955467e-06 2.72270114829948e-06 8.57907518411396e-06 6.9954038470308e-06 1.76916588666797e-05 2.57798575917815e-05 3.67206307144841e-05 2.64496420275198e-05
3.15610940276571e-05 1.8582445022772e-05 9.93150197845667e-06 3.64188998378677e-06 2.19814006859159e-06 4.98359812861029e-06 1.59827265360063e-05 1.34838739681603e-05 2.75880691800877e-05 3.47569099564954e-05 3.85168974582341e-05 3.24130301750122e-05
4.14949776935438e-05 2.18718989788814e-05 9.11088424866308e-06 2.973311341465e-06 1.52323177274526e-06 3.91190248580326e-06 1.1223612534384e-05 9.13830347178816e-06 2.27884567163601e-05 3.57184644156386e-05 5.11421420911532e-05 3.77444267028665e-05
1.6798165786881e-05 8.88183505443293e-06 3.91060751180007e-06 1.38728637201607e-06 8.08090373124116e-07 1.95650493786675e-06 5.73521404568671e-06 4.58132394077532e-06 1.0887619917303e-05 1.54335758394378e-05 2.0839553504253e-05 1.71274519294952e-05
2.24883492505048e-05 1.26329217556497e-05 7.50226432138023e-06 2.96679253476611e-06 2.0010447353207e-06 4.26773653258769e-06 1.51983396865072e-05 1.26004649658597e-05 2.42124517927116e-05 2.96376344519552e-05 3.1281058279701e-05 2.76747052293233e-05
4.01601276002172e-05 2.05463901996195e-05 8.52967196605908e-06 2.75869037789853e-06 1.34945347193154e-06 3.54885868104667e-06 9.90014939198551e-06 7.68907584702919e-06 1.97943669089449e-05 3.14200151742706e-05 4.5194883647227e-05 3.52020076942598e-05
4.29462797231645e-05 2.19748488715029e-05 9.38377696573788e-06 3.28143772048379e-06 1.72286666922876e-06 4.36209280673402e-06 1.33789797012617e-05 1.10122909346746e-05 3.32879702875581e-05 4.7196355559838e-05 5.87246039996079e-05 4.05187443715951e-05
1.71777372737357e-05 1.31978544231839e-05 9.04958231875805e-06 3.53486923205509e-06 2.45511097892525e-06 5.13948944748647e-06 1.71366575929683e-05 1.41280672697734e-05 2.76267637358888e-05 2.84170943349185e-05 2.49410040471482e-05 2.36530527678567e-05
2.96763628968327e-05 1.60206863022392e-05 7.00279836984059e-06 2.49209324430979e-06 1.28976616787289e-06 3.28836695302765e-06 1.01872265049134e-05 8.53278570043221e-06 1.99875499380634e-05 2.82939888010703e-05 3.65955635905409e-05 2.82892159914571e-05
4.6375078608313e-05 2.32069332197984e-05 1.01944696284635e-05 3.52969065663482e-06 2.02156734666123e-06 4.96124987274094e-06 1.56170508889579e-05 1.2632969350786e-05 3.08605830376589e-05 4.59673630639991e-05 6.08782333804582e-05 4.48063724709659e-05
4.13649714272276e-05 2.13583395540816e-05 9.60706402843405e-06 3.53689217677001e-06 2.13333819341068e-06 4.76669970396742e-06 1.47532233034841e-05 1.28015169796758e-05 3.33274787177133e-05 4.74066172591061e-05 5.92547750945631e-05 4.05536543714697e-05
3.05569299892936e-05 1.50744592941156e-05 8.78688727320928e-06 3.32477690600622e-06 2.32135986006589e-06 4.9751703767303e-06 1.89258722468e-05 1.62695034760472e-05 3.41058539063714e-05 4.23527872246047e-05 4.64685616169827e-05 3.58710760476486e-05
1.23206715983872e-05 6.76271556969555e-06 3.11962116646853e-06 1.16180906619603e-06 7.07994584988834e-07 1.68069923344505e-06 5.26877115278687e-06 4.28271092928848e-06 9.96256204870963e-06 1.39210043061978e-05 1.91397891153486e-05 1.46994660965217e-05
4.304506381747e-05 2.25597959754988e-05 9.74670656648946e-06 3.27104236895471e-06 1.80242444060529e-06 4.37173223103124e-06 1.30943258965946e-05 1.049857704975e-05 2.53713949883062e-05 3.85719842934751e-05 5.21936459814286e-05 3.96198794975331e-05
2.44967942218159e-05 1.41598180070581e-05 7.29016645191999e-06 2.8887457543833e-06 1.73627335318163e-06 4.09963857552575e-06 1.32295248169932e-05 1.15335128619585e-05 2.28632284976594e-05 3.07625713061393e-05 3.76937449688678e-05 2.69129240331965e-05
4.09078671538123e-05 2.1289617568055e-05 8.60659392378249e-06 2.72041850388263e-06 1.28382263386006e-06 3.45334676125141e-06 1.01711510311909e-05 8.28194085488436e-06 2.21667151767249e-05 3.50915582203744e-05 5.077312178061e-05 3.66755438473448e-05
1.91737950515617e-05 1.06642018247852e-05 5.64418941962837e-06 2.20946710450455e-06 1.59131705147518e-06 3.60722948351704e-06 1.28796763932969e-05 1.05179961332451e-05 2.18568149962825e-05 2.71923213006902e-05 2.91428101752776e-05 2.4690242989269e-05
4.07684356700915e-05 2.14773868133233e-05 8.73263569655876e-06 2.80667144322686e-06 1.32691914767598e-06 3.46926020572919e-06 1.00029543320851e-05 8.24061924145323e-06 2.37336791002549e-05 3.68757514839853e-05 5.14536829254007e-05 3.58524618475302e-05
3.8085746335256e-05 1.99127149637804e-05 8.5163020200283e-06 2.83508176995841e-06 1.50456374467576e-06 3.82664645787085e-06 1.20791193564644e-05 1.02018139056383e-05 2.59404912468677e-05 3.82567042969054e-05 5.04249315221538e-05 3.59523338253153e-05
2.03637438769539e-05 1.19008005117341e-05 5.74802771788634e-06 2.18539058864967e-06 1.3177368639377e-06 3.36070285093597e-06 1.15834793895989e-05 9.35368418185428e-06 1.95834767132876e-05 2.41414144215521e-05 2.62316961609922e-05 2.2456917954324e-05
2.39957982840332e-05 1.24236994358601e-05 5.755564996685e-06 2.06371076424065e-06 1.30545378494322e-06 2.98639064795959e-06 9.87451964059529e-06 7.92660317143894e-06 1.69460165643349e-05 2.35522806397299e-05 2.95760843272672e-05 2.43389079663232e-05
2.09782997665046e-05 1.02617532277081e-05 5.11809856293331e-06 1.94380331658441e-06 1.25388517795474e-06 2.89004071790169e-06 8.4372061459267e-06 6.87631806729372e-06 1.37832836651158e-05 1.93140456393771e-05 2.51105376029068e-05 2.05513777128742e-05
3.75464240431644e-05 2.0194531975522e-05 9.40560059810743e-06 3.29216885457131e-06 1.99019943330694e-06 4.80140746190918e-06 1.61797553645546e-05 1.39221486443524e-05 3.10819252004705e-05 4.14342512547616e-05 4.89209335099491e-05 3.71856455555324e-05
1.78550820094741e-05 8.73441788664049e-06 3.6895291901131e-06 1.32086881619932e-06 7.15597295424292e-07 1.82475184807607e-06 5.73262368906092e-06 4.50729207328278e-06 1.30032998832536e-05 1.98715669263432e-05 2.90743769431323e-05 2.0011464900633e-05
3.52111308149473e-05 1.84676000517215e-05 7.70529800862737e-06 2.58854862303095e-06 1.29327929479932e-06 3.35702954355608e-06 1.04648008986513e-05 8.80433577613785e-06 2.2167133856866e-05 3.25283305224523e-05 4.35443235857081e-05 3.26634924780965e-05
2.49443797408408e-05 1.29062550003641e-05 6.5063332248005e-06 2.33660798039273e-06 1.58077511622601e-06 3.91704583745719e-06 1.47107148495232e-05 1.19760182434201e-05 2.70229098970264e-05 3.62059888191202e-05 4.09997576230174e-05 3.16196667845177e-05
2.07294483865045e-05 1.08770638181166e-05 5.21969189329114e-06 1.92242477997494e-06 1.2949022402546e-06 2.92112037371531e-06 1.05014778783371e-05 8.54150016603682e-06 1.91421432019573e-05 2.52664253347167e-05 2.9023984679589e-05 2.36621901096317e-05
3.14056388238828e-05 1.87056850558167e-05 1.04574737997531e-05 4.29733585650712e-06 2.75222468618123e-06 6.09425766806628e-06 1.99041645114827e-05 1.75109988169151e-05 3.54348528534244e-05 4.04004884926069e-05 4.06276149257391e-05 3.60849841540937e-05
2.2205638952198e-05 1.08980196363618e-05 4.41849413003386e-06 1.51628438588569e-06 8.04015313680954e-07 2.05309561620739e-06 6.47910175831302e-06 4.98154841637928e-06 1.61505524610432e-05 2.50878884163149e-05 3.44436761122366e-05 2.31909036164387e-05
1.56878809744426e-05 8.90149972483862e-06 3.62677194233016e-06 1.19794360723986e-06 6.14411237284227e-07 1.66992353436401e-06 4.06785808897104e-06 3.22375190648241e-06 7.97229875772385e-06 1.20797594113398e-05 1.65820665082149e-05 1.35124368763102e-05
5.23234885909528e-05 2.61159162354224e-05 1.17580983781111e-05 4.26202335305666e-06 2.37269841271113e-06 5.54834957681178e-06 1.70440682463723e-05 1.44855266138767e-05 4.11273073259134e-05 5.67872046700055e-05 6.97032443966344e-05 4.73263250174703e-05
2.92543282585699e-05 1.74326529111459e-05 8.32456696806805e-06 2.98964088831728e-06 1.77883298869443e-06 4.29766540570785e-06 1.44971596327305e-05 1.25237969450773e-05 2.54958743776003e-05 3.14501230991694e-05 3.60403821796651e-05 2.99959087009903e-05
3.72144716457966e-05 2.06831244945416e-05 9.59784551302869e-06 3.43798557953103e-06 2.05880966390245e-06 4.75055467827884e-06 1.43709586012058e-05 1.17039350869974e-05 2.47478530246255e-05 3.4473249583064e-05 4.35724908233265e-05 3.56433807944221e-05
4.63426372062743e-05 2.58951945026008e-05 1.21969658511085e-05 4.55397484554747e-06 2.44627697431515e-06 5.85877286253675e-06 1.69632263270968e-05 1.47746164943661e-05 3.50249693486651e-05 4.89956293821571e-05 5.95812004883775e-05 4.2848780033494e-05
3.7515978748512e-05 1.99205909602427e-05 9.60252174026042e-06 3.52654126603067e-06 2.36134829734908e-06 5.28666935654927e-06 1.76262808218012e-05 1.47256380680084e-05 3.15300326440091e-05 4.19201253117855e-05 4.92940403059891e-05 3.93750755913084e-05
3.73596363995214e-05 1.91433439152042e-05 8.8152909329693e-06 3.05467153475265e-06 1.88846684558192e-06 4.46435809099898e-06 1.52953728579265e-05 1.28417035315595e-05 3.02978886867052e-05 4.17486834686874e-05 4.99319736733341e-05 3.74392393357847e-05
3.24576844983523e-05 1.69399574689245e-05 7.13236766447678e-06 2.44667031247604e-06 1.27299547329785e-06 3.18478648405801e-06 9.66078109853252e-06 8.14690825629384e-06 2.03946069084033e-05 3.01078530552583e-05 4.05110823874699e-05 3.01719032824464e-05
1.98598917055067e-05 9.81476556761962e-06 4.79828955568628e-06 1.9068114021565e-06 1.26397543773731e-06 2.8699574954288e-06 8.77441900134585e-06 7.20142699743689e-06 1.39529701269788e-05 1.90996711395195e-05 2.43700037274155e-05 2.05495324399149e-05
4.87435781015017e-05 2.65177700092944e-05 1.34972217453766e-05 5.42553687369143e-06 3.24782718049345e-06 7.3990648698863e-06 2.43481935088058e-05 2.18587167080515e-05 5.01971540395611e-05 5.79257954245219e-05 6.05013736470378e-05 4.8913814481713e-05
4.82003660908074e-05 2.36464116812712e-05 1.27582972174695e-05 4.80270263956721e-06 2.99530283319238e-06 6.98620604123246e-06 2.50788491768853e-05 2.15600886316981e-05 5.03875657601686e-05 6.1039504907553e-05 6.35046558663154e-05 4.75758608474008e-05
2.30029274434933e-05 1.66073273597487e-05 1.07549867918077e-05 4.25075380275742e-06 2.83161064176691e-06 6.50378393389995e-06 2.06146049490192e-05 1.79009774587681e-05 2.92591888943339e-05 3.06075758475596e-05 2.63678195544876e-05 2.81349067871146e-05
1.7751148177206e-05 9.71928270556228e-06 4.86880400697303e-06 1.84953863603402e-06 1.12383615311833e-06 2.85986158408024e-06 1.02483659585494e-05 8.48958927609887e-06 1.72219861023241e-05 2.26011134454651e-05 2.78206054784273e-05 2.07851107431843e-05
3.82915851132554e-05 2.01490823283295e-05 8.93930168672535e-06 3.19010422134495e-06 1.67201669092421e-06 4.06081973563905e-06 1.19289213287329e-05 9.85362445548503e-06 2.66942051672298e-05 3.86273869805842e-05 5.03108694972643e-05 3.6632211445657e-05
3.21892937534753e-05 1.67283613350107e-05 7.40952113784655e-06 2.60463284534974e-06 1.38363888831363e-06 3.53441962627158e-06 1.06263438274861e-05 8.75575868136483e-06 2.4703850367786e-05 3.51741792494241e-05 4.50164652614117e-05 3.20452053237108e-05
2.48386071017128e-05 1.47520799117501e-05 9.66042158541743e-06 4.11084139905574e-06 2.76408935383533e-06 6.06525842023853e-06 1.96910247637446e-05 1.71537772331509e-05 3.10643879541726e-05 3.49476614667982e-05 3.36631269314038e-05 3.15849533378767e-05
4.36640554674654e-05 2.3032227865747e-05 9.88741560711813e-06 3.3406836817086e-06 1.73393177078067e-06 4.49185119290792e-06 1.35567563481108e-05 1.1286744954485e-05 2.70142805426273e-05 4.03066272122936e-05 5.34781046092828e-05 4.02655148219343e-05
1.90143116188953e-05 1.06961098731957e-05 5.68122444561534e-06 2.21348506516043e-06 1.47899186211826e-06 3.51169231819268e-06 1.16899366020473e-05 9.5446979052897e-06 1.90984987761163e-05 2.4450951978366e-05 2.64322517520796e-05 2.40779363372406e-05
4.19707599585097e-05 2.18279575104736e-05 9.73992773389103e-06 3.47658040779366e-06 2.0508853091232e-06 4.62864322402018e-06 1.40352426570956e-05 1.22505233271699e-05 3.29330862802553e-05 4.65384198138538e-05 5.94663849487795e-05 4.00796466024009e-05
3.10058066872969e-05 1.64723846085465e-05 7.62992080832296e-06 2.73524209215665e-06 1.65249254649811e-06 3.843176050636e-06 1.26319986299114e-05 1.04831703336858e-05 2.252016152508e-05 3.12140088727414e-05 3.94662938259043e-05 3.12574566377212e-05
2.83473302910272e-05 1.48486368109988e-05 6.76602580167205e-06 2.45035670503558e-06 1.48178884847469e-06 3.59862782145063e-06 1.24863028263946e-05 1.03383015015969e-05 2.45344106034585e-05 3.25976219380815e-05 3.9138571150353e-05 2.97252856663319e-05
2.32225740351733e-05 1.28667983570006e-05 6.84519706097314e-06 2.64370998502995e-06 1.72082662031593e-06 3.93371430695676e-06 1.20398861984419e-05 9.74590950081992e-06 1.92312315372193e-05 2.53008035530652e-05 2.88473039905283e-05 2.59317497028415e-05
3.79718610136077e-05 2.02946578754521e-05 9.19321077863938e-06 3.19536174242709e-06 1.80675364899849e-06 4.39135696415614e-06 1.35047974830892e-05 1.13300651015135e-05 2.45872544552408e-05 3.53074916564219e-05 4.58972078192373e-05 3.63706351860961e-05
4.08899375561055e-05 2.19923554905052e-05 1.00464987809964e-05 3.5680506229875e-06 1.93886537201891e-06 4.76658692240714e-06 1.31206122415911e-05 1.04397759632695e-05 2.3663143678408e-05 3.48455788327311e-05 4.63863027047723e-05 3.79202807928825e-05
4.99897502060841e-05 2.60834277250914e-05 1.22616737175774e-05 4.28610034462449e-06 2.47138895571744e-06 5.59340987614271e-06 1.77624895902567e-05 1.54447994503867e-05 3.51232036904338e-05 4.81066460138194e-05 5.9936030181126e-05 4.69391293572363e-05
2.41989041556248e-05 1.25185819599984e-05 6.03558705354573e-06 2.22128369177038e-06 1.33224910023284e-06 3.11083173743981e-06 8.96095202246549e-06 7.27771338313633e-06 1.5328874137959e-05 2.17726609804323e-05 2.81063286479597e-05 2.29189068528687e-05
1.86440165382679e-05 9.96699955682492e-06 4.57657555272794e-06 1.7139554524736e-06 9.90062859822016e-07 2.38616245231507e-06 7.46633909164889e-06 6.09854868193615e-06 1.57866704680354e-05 2.30244506327548e-05 3.09115510601606e-05 2.13975690340923e-05
4.56331162424198e-05 2.48811855212972e-05 1.43395687337485e-05 5.72027718916145e-06 3.59035815930861e-06 8.03297096036027e-06 2.64498793355408e-05 2.32545363084352e-05 4.88948427074178e-05 5.66362459349325e-05 5.72941630668191e-05 4.76797652568192e-05
3.94447252470688e-05 2.04300687714812e-05 8.75957681387092e-06 2.81338303026314e-06 1.49222550312263e-06 3.78757142779916e-06 1.19811563722281e-05 1.00159812851497e-05 2.46468729557572e-05 3.71359757787851e-05 5.15465747931513e-05 3.70990920490018e-05
4.11572864659952e-05 2.16973096737231e-05 8.976121692425e-06 3.01838087854402e-06 1.52000355602215e-06 3.77003437225162e-06 1.1014522343985e-05 9.05747599725142e-06 2.46489877410722e-05 3.80065729067195e-05 5.4215893802418e-05 3.81833893795209e-05
5.73689234641445e-05 2.97422722247774e-05 1.59396196077657e-05 5.80516614387357e-06 3.68508740240681e-06 8.35892488287853e-06 2.9241471753164e-05 2.46857603411658e-05 5.49758062803445e-05 6.71635764633458e-05 7.03898963112213e-05 4.91157531414954e-05
5.8586105382502e-05 2.91152563605259e-05 1.34235802447542e-05 4.67763956487631e-06 2.64282523660451e-06 6.31293279384434e-06 2.09949580664099e-05 1.7837620555243e-05 4.38465744058304e-05 6.00562497187957e-05 7.27706783224625e-05 5.21290146214266e-05
3.84882727537298e-05 2.02422757210285e-05 9.21740580007697e-06 3.17315509437023e-06 1.86343920485039e-06 4.61529365218357e-06 1.5448780020253e-05 1.34334921118162e-05 3.15605615699233e-05 4.15683343776634e-05 4.97772160358553e-05 3.74178339868419e-05
5.27876126858927e-05 2.77438659004661e-05 1.22165373388262e-05 4.39819860843293e-06 2.26569462154634e-06 5.41809908376386e-06 1.62423883152596e-05 1.361834259077e-05 3.91577367266964e-05 5.41694772180295e-05 6.77503247621681e-05 4.72327332674062e-05
3.22036953714789e-05 1.66967033289277e-05 7.26251828284442e-06 2.5164576894126e-06 1.33250418098294e-06 3.38127081619559e-06 1.05585499578967e-05 8.85940437659331e-06 2.26110650470819e-05 3.37921860668932e-05 4.76575680720754e-05 3.29025021698321e-05
3.90966612170001e-05 2.11291017151498e-05 9.05439657127745e-06 3.01351666748908e-06 1.59649037365966e-06 4.08585704605495e-06 1.24320836306189e-05 1.06226366434929e-05 2.49903696608518e-05 3.56487496114645e-05 4.69204637867763e-05 3.57707080030504e-05
4.73895497329385e-05 2.34721523962724e-05 1.16546221857912e-05 4.30576313276777e-06 2.43532472454561e-06 5.71050427342411e-06 1.89430256412476e-05 1.6207626502659e-05 3.82628804264711e-05 5.30636281032204e-05 6.370941985167e-05 4.54904972775439e-05
2.41354788759678e-05 1.34906223183515e-05 6.75819511569917e-06 2.55359585548682e-06 1.55121715909083e-06 3.82603994318248e-06 1.17875216839421e-05 9.39256073638275e-06 1.91318914812213e-05 2.53087473037357e-05 2.9562469956438e-05 2.64684280157135e-05
3.05337687586097e-05 1.62887372588849e-05 7.01836828718315e-06 2.39446330723187e-06 1.28822141587604e-06 3.26038768371311e-06 1.01527567928795e-05 8.42015481673257e-06 2.04991967048772e-05 2.90410589655699e-05 3.7904017369117e-05 2.90213045104607e-05
4.90848150845497e-05 2.47245825257299e-05 1.10010102404293e-05 3.83715378118712e-06 2.25813569027981e-06 5.52386044337842e-06 1.92202851834521e-05 1.72601781994136e-05 4.54205126581994e-05 5.84827070945492e-05 6.54347978289151e-05 4.5254453910792e-05
5.16521764586795e-05 2.77609221552854e-05 1.44825721119465e-05 5.91004696736361e-06 3.55971738379979e-06 8.36432848354886e-06 2.84774435246017e-05 2.48775866016778e-05 6.27391796989789e-05 6.9024741658235e-05 6.53606025924684e-05 5.15399399296845e-05
4.23479952363006e-05 2.61379702109559e-05 1.38223859778712e-05 5.22683167553826e-06 3.21419871145849e-06 7.11401465889173e-06 2.13724077006045e-05 1.88618709527457e-05 3.60556376623101e-05 4.26152334868594e-05 4.64686999129961e-05 4.12982230335538e-05
4.0931012505319e-05 2.08387975236127e-05 9.67444615349994e-06 3.4578917502607e-06 2.1568240500996e-06 5.17972334137018e-06 1.73570539501527e-05 1.45285137612475e-05 3.36585042925554e-05 4.63670658701558e-05 5.53367809749067e-05 4.11171705713728e-05
3.73565106576088e-05 1.99927136820105e-05 8.34685757933605e-06 2.79332314393041e-06 1.41036668291715e-06 3.46702054255711e-06 1.01687819491993e-05 8.55734304443784e-06 2.15311202422993e-05 3.25017230937193e-05 4.40369608820527e-05 3.32025560243754e-05
4.636256304346e-05 2.62641148968411e-05 1.37644831856529e-05 5.44673358613641e-06 3.29518395665261e-06 7.13490644651603e-06 2.1613557278278e-05 1.91665637320802e-05 4.07149752299091e-05 5.40730459818492e-05 6.15594223832066e-05 4.51422597462572e-05
2.87422437895179e-05 1.3387571394132e-05 5.67046253774347e-06 1.93812182057627e-06 1.14457934374688e-06 2.69827154729097e-06 8.06163348177232e-06 6.30301247566686e-06 1.56793326435346e-05 2.40300457366853e-05 3.38877765093401e-05 2.64118754300637e-05
1.47104748005585e-05 7.56034343371587e-06 3.28483558776456e-06 1.19694241806337e-06 7.42996856088592e-07 1.73599639229048e-06 5.50343051304224e-06 4.30342592474426e-06 1.29869009704817e-05 1.90622093547286e-05 2.56878026771669e-05 1.78200676269388e-05
2.67302671092467e-05 1.2940924900322e-05 6.06410900236266e-06 2.34832174905158e-06 1.47277560619829e-06 3.25098143945168e-06 1.06314156358938e-05 8.95133544792601e-06 2.41441580520069e-05 3.32134796424757e-05 4.4115687043436e-05 2.90330246964555e-05
2.23350448275958e-05 1.18894956129497e-05 5.85540175093133e-06 2.18846862964276e-06 1.46427138448696e-06 3.44912754098552e-06 1.28552785899723e-05 1.04896307086037e-05 2.35625229754597e-05 2.97663223300606e-05 3.21341920022497e-05 2.62180710156529e-05
6.09735958683178e-05 3.03200812162061e-05 1.48820462808252e-05 5.25619134112844e-06 3.37159367176626e-06 7.59256423304358e-06 2.58767238448069e-05 2.19649226660283e-05 5.26410354605054e-05 6.75736218135954e-05 7.56246553111222e-05 5.25844713175643e-05
4.0665166815303e-05 2.04241725097477e-05 8.43382931794536e-06 2.75757262776092e-06 1.35539013570094e-06 3.48430122432124e-06 1.0387225242706e-05 8.27498288913336e-06 2.22049390895283e-05 3.48667362148942e-05 4.97902103155594e-05 3.7830101691246e-05
2.30982730833678e-05 1.20796368912711e-05 5.59729037103365e-06 2.10092859369764e-06 1.23768449689164e-06 2.9290348907319e-06 9.03046459857355e-06 7.07229187066284e-06 1.91430965529605e-05 2.63997026423365e-05 3.26053183977735e-05 2.55074883583293e-05
6.96097327762706e-05 3.66241885370553e-05 1.74130847578472e-05 6.58033526798285e-06 4.13478659199484e-06 9.73050283344929e-06 3.11345759872886e-05 2.65615689632732e-05 6.37603833519447e-05 7.53953259387806e-05 8.01048870312369e-05 5.80512119191708e-05
1.9102691173531e-05 9.31528337936698e-06 4.46295481234201e-06 1.7152442003001e-06 1.13113615695957e-06 2.44456261762926e-06 7.37849541674291e-06 5.95966621503053e-06 1.5505823890066e-05 2.16906907129064e-05 2.90881497859328e-05 2.09848171600187e-05
2.64701328648388e-05 1.63601385283303e-05 8.48629516109326e-06 3.40358482017662e-06 2.02157021133502e-06 4.60185966902686e-06 1.43491176020153e-05 1.24087824904855e-05 2.68737957005214e-05 3.36654861779674e-05 3.90541599580556e-05 3.07960984063437e-05
4.30573773280924e-05 2.21369769433221e-05 1.0730879229439e-05 3.76843376158949e-06 2.32188406431925e-06 5.80443240071455e-06 2.10264710005338e-05 1.81546501205283e-05 4.40508142266057e-05 5.59495243318062e-05 5.89764860126499e-05 4.24191612852255e-05
2.20969323817588e-05 1.20860172697107e-05 6.11539906454496e-06 2.35482668006845e-06 1.49966688692828e-06 3.55108695622995e-06 1.18501027770847e-05 9.60004180573559e-06 1.99788549709606e-05 2.63528985317692e-05 3.00731502178562e-05 2.62617918823085e-05
1.73844331562507e-05 9.14674042567155e-06 4.16597676881194e-06 1.5275267234719e-06 8.76269523837521e-07 2.13335253819177e-06 6.79273088234517e-06 5.47875549107998e-06 1.41878299536115e-05 2.1615534694639e-05 3.0084459188478e-05 2.02581195784921e-05
2.39631167100611e-05 1.30093200464929e-05 5.93396529708349e-06 2.18660647880242e-06 1.24509208746264e-06 2.99482297323557e-06 9.61953081337178e-06 7.9980871033841e-06 1.8487714845059e-05 2.62332918936385e-05 3.32940786075445e-05 2.49136407691283e-05
3.60995744861336e-05 1.98654372627191e-05 1.03443736048523e-05 4.06769828070869e-06 2.37518272600546e-06 5.5387634533873e-06 1.65575786111962e-05 1.45153744250211e-05 2.96972003499801e-05 3.79082041103611e-05 4.43495482380486e-05 3.68271119291314e-05
4.28530880525209e-05 2.23939071078494e-05 9.86619328308078e-06 3.46381295487755e-06 1.9811009727159e-06 4.67583448690506e-06 1.5091688594107e-05 1.27604676466982e-05 2.93888067178458e-05 4.18732073271933e-05 5.36443805403424e-05 4.06516061530681e-05
2.02415385082641e-05 1.04101428651055e-05 4.43198014297646e-06 1.58645906329209e-06 9.20155909907796e-07 2.16091334195714e-06 6.04425710255047e-06 4.7977815922137e-06 1.14068560183434e-05 1.65132002215075e-05 2.3009446370292e-05 1.83296724757892e-05
2.7298951801532e-05 1.46248482672159e-05 6.49552160851436e-06 2.31094390189221e-06 1.2592246378765e-06 3.09336390851029e-06 9.52540017224652e-06 7.94243287367752e-06 1.98630023380787e-05 2.9696144019411e-05 3.97956675261106e-05 2.71523205873722e-05
1.35760528238334e-05 7.83704861118618e-06 3.83494555828969e-06 1.50229506591588e-06 8.64369806479078e-07 1.95490582318254e-06 5.42933943733382e-06 4.4434441280607e-06 9.08989181393796e-06 1.23385945449973e-05 1.51184915726395e-05 1.29206807795853e-05
2.08481094836382e-05 1.04936110645727e-05 4.613298987197e-06 1.72991885372348e-06 1.0515927545057e-06 2.39765139404405e-06 7.01512125424432e-06 5.64581178476565e-06 1.28388636599342e-05 1.7944342104782e-05 2.4637854933579e-05 2.00660450733188e-05
3.69775820711206e-05 1.75333770450436e-05 8.03763463133082e-06 3.14257758944878e-06 1.8348243001715e-06 4.20046429219259e-06 1.29879029482547e-05 1.09862503724684e-05 3.01728939410873e-05 4.20602053898912e-05 5.48148839337741e-05 3.71837838671326e-05
3.38594734210287e-05 1.51108774641769e-05 7.74019088167458e-06 2.95996557396659e-06 1.89564727773725e-06 3.97191958536295e-06 1.32752001882821e-05 1.08045127844702e-05 2.87327598188543e-05 4.02544413512716e-05 5.29263974131663e-05 3.76182929567869e-05
2.68213976960711e-05 1.52804957628414e-05 7.4025634151627e-06 2.7047477392284e-06 1.57481102341883e-06 3.80645314000793e-06 1.07449854197873e-05 8.7237343490546e-06 1.72537064060947e-05 2.34366868658149e-05 2.9384604674194e-05 2.53494497998231e-05
7.18094201248567e-05 3.42581284988596e-05 1.69986024249652e-05 6.2712136399714e-06 4.66393544475069e-06 9.75693968975664e-06 3.46210209386415e-05 2.93164805813037e-05 6.96674424054062e-05 8.21596312798925e-05 7.94336291678436e-05 5.30797578730588e-05
