"September" "October" "November" "December" "January" "February" "March" "April" "May" "June" "July" "August"
4962.94930901211 4344.19821117042 3543.47253764071 3441.41358240029 2155.01793496375 2716.47608542296 2028.63513395973 2404.03191949398 2352.72755716901 3171.89865731258 4070.65995136061 3253.54010940461
5818.54877220328 5673.55655731896 5514.4744571598 5525.22553508271 4704.04730732715 4707.4348966852 4430.95307136403 4707.26477686658 4664.99212640145 5196.78371811263 5698.92402930571 5281.63902524305
4963.06000477895 4720.14144050898 4507.22046786128 4468.91137417648 3773.15482067245 3804.38699716535 3619.02769519481 3822.45666391437 3898.65838138633 4417.90220923208 4916.08434320384 4511.79361008798
3999.51922458605 3978.49633444673 3947.95888652874 3939.40925147109 3657.19786231028 3608.46413449535 3560.46037138304 3646.84614663733 3647.67317576888 3817.99779992146 3974.15391362524 3864.67943069156
3720.79806467134 3744.95420945944 3748.65896094346 3769.08105135779 3514.53428601482 3454.90943609959 3378.63323131223 3477.08331693283 3417.7704084932 3548.56761689468 3673.16616770666 3584.25868049825
19286.5934018536 18206.3691490092 16836.2268431116 16680.8280766533 12766.1494784887 13661.0041771771 12392.3010188704 13575.6606657049 13728.3346050797 16307.6545595399 18526.9098044155 16373.0031349428
2593.68243864283 2533.20840796626 2463.42064145572 2494.47545198399 2006.90485287557 2042.6317153387 1840.63427105812 2017.54086389037 1910.23248465732 2220.19653111282 2485.79955301359 2251.68790814679
7822.43094793539 7131.70739117366 6531.13310055248 6377.78036966869 5085.7855969314 5308.75413279164 4988.33304444295 5320.0402218408 5658.32517179678 6729.19361676203 7796.34440169082 6886.96804410986
4707.34846757466 4356.24488728803 4079.02480188663 4045.18854933948 3275.14508857449 3348.15270537609 3105.36347252556 3336.32674949788 3414.88425145736 4035.95605203433 4662.17694063248 4141.4660839
4093.70401242859 3517.71765190828 3045.6436120608 2904.63783656433 2193.89602909845 2357.38448696139 2184.59887550278 2348.25686204913 2615.18713675822 3348.48097359319 4152.11996532156 3465.4007911069
3127.97910538375 3071.00016146858 3002.37904299232 2992.39142404503 2622.10438692171 2608.08868032647 2505.79076170366 2624.71409710443 2610.15176979214 2853.93833373945 3080.10149215156 2904.24714894012
6782.07025324093 5689.71897783905 4769.67230258695 4442.98483001143 3162.97755931686 3656.57412859618 3396.76855900822 3626.11638226025 4125.74744821168 5365.10755076136 6648.67790554862 5506.11356481584
7355.49421541779 7163.18754124948 6947.38793032963 6970.14450501832 5886.88750091197 5920.05049544009 5551.72548336723 5915.00509521026 5868.53404954667 6558.71048055514 7204.96893606403 6654.97078070384
4590.84868785591 4602.79812977508 3908.33715282084 3663.2809195858 2791.0076439047 3041.94350404144 2731.10342687661 2870.68465169129 3046.29757629706 3659.31953874061 4238.24537283185 3744.66272307438
3599.87203045465 3576.57505043405 3529.03896601008 3538.97783084432 3128.17624581774 3094.80652635092 2954.80739424142 3102.01579219072 3039.9829800444 3288.91601797203 3524.32144389207 3346.54941948875
4439.50051748804 4271.53188926896 4118.28669784344 4078.68668626181 3526.14531407184 3524.30777345164 3388.23086998827 3548.95126665145 3606.59252950746 4014.66784687981 4405.29223803395 4101.46207497633
3982.16905828626 3856.28545346801 3452.21121275116 3372.07755446287 2593.23896035377 2731.58402678623 2459.41368447937 2694.54514077885 2729.39281891106 3308.06513775152 3854.03722612467 3344.02881103748
6331.95301675999 6080.07635005757 5859.80613666524 6062.77153785239 4526.69924381261 4821.67272271522 4125.37684375582 4668.6985144582 4381.51486169738 5287.57292087477 5968.44360879911 5183.80722850006
2230.03344724389 2127.47430004108 2017.27849866754 2046.1234965567 1503.29451362494 1604.46950884303 1368.07314527137 1559.00554661361 1445.96020683939 1812.55115627054 2139.08278998106 1884.36999480987
23156.8798207843 21449.1331082175 19741.507986754 19107.8095164693 14984.4998981673 15879.6351881848 15295.4012288495 16260.5383798273 16802.7561887459 19744.4048644788 22550.4793681971 20122.6669299654
3599.72143560925 3377.71049251256 3251.3921923716 3249.13171307545 2737.8294642634 2745.88360626569 2572.50685140226 2740.39840209023 2725.96458801494 3101.72512567211 3482.11524541551 3170.41175839026
5580.62860527745 5482.30584650353 4831.56961485355 4653.51756105502 3190.31526639316 3741.54946849128 3259.8686473715 3621.5369494531 3683.73146706397 4617.42100460459 5203.79337886242 4473.84476078025
7915.81653610621 6961.81955624983 6086.91190455456 5899.98397247494 4253.29945918038 4768.61848500994 4425.2034201673 4806.05223392215 5101.22349568768 6461.63539810247 7755.97604413616 6508.05043692585
3251.20836267067 3139.25305365433 2821.72857717786 2876.46583726982 1848.47301007656 2199.28799562151 1717.94702699502 2055.44100496282 1867.02632839482 2520.82180576019 3014.23507180458 2562.1476995049
12661.0288449322 12060.7707022065 11455.9697444198 11234.570770363 9626.94738587673 9791.42305620218 9553.13056039553 9951.65858747387 10348.3937152747 11525.3798506596 12655.6609175012 11742.2782285455
4650.16740714809 4549.29819552972 4435.43142060948 4456.44306039802 3779.47438255347 3786.35900080358 3548.0523531571 3779.40567004214 3714.85616006084 4142.88687392356 4538.91422830048 4206.87555420013
4378.86080681081 4281.47770446536 4182.59224950617 4185.98424582331 3634.78654530138 3612.54003169048 3434.86482825759 3621.06264330437 3590.00315600672 3956.73734120703 4306.09351443132 4030.22680929734
2632.2242928977 2272.27980869551 1993.45484124758 1926.19525936703 1433.72277390794 1535.81952746641 1385.29184846617 1519.50714131281 1613.20788119083 2113.51423070038 2652.29468135487 2199.80095093219
4749.08950514082 4361.56937488873 3910.02123299653 3860.29980475592 2775.12422441628 3099.54429810801 2699.008565483 3000.9772541555 3061.66814176677 3836.27877368045 4470.46640091824 3845.22863448699
2482.8032630712 2471.88826364346 2323.09192136955 2317.56646267284 1849.21759437571 1887.54215566089 1702.4240248215 1864.68087383824 1794.67165240571 2110.37351465341 2396.78337275949 2148.40142633721
13154.5190907574 12134.3716006176 11170.9929434922 10824.9410517622 8825.49505069201 9202.96152559522 8868.01615197158 9340.89722238499 9943.9095624721 11565.5687457554 13156.129591271 11824.9125799995
10078.6277592187 9886.82100015276 9592.59085479812 9345.47064871208 8315.89133097789 8173.18699882416 8099.04707200307 8277.63873951193 8761.61148609083 9499.92740944315 10146.3914472688 9780.37874589377
7453.65368023285 7117.38990719748 6815.63634459527 6931.03063480207 5448.46601723178 5633.87335688966 5033.88688919118 5549.92770350042 5403.80002853349 6358.67612938431 7200.04430861817 6376.79505172983
3299.08787150146 3182.42313605345 3068.75661934083 3075.19258411683 2568.53380286305 2587.84102866883 2414.54151575821 2583.14782977404 2549.07210644067 2899.43167508634 3230.97274889475 2958.81762119322
3961.65404094692 3868.98584906947 3763.96412234402 3748.53262364532 3268.11356502925 3250.49694948994 3111.75416684963 3269.55267453341 3267.75836698851 3594.77924554834 3908.69362284009 3661.93687685786
6399.30712484019 6288.48421767611 6165.04989234583 6181.00558064954 5445.37259303168 5410.73475569674 5193.98864821772 5442.15371998197 5415.85986193656 5875.63647053339 6313.70784612605 5963.31864259207
4094.8127142631 4127.15400587769 4144.13816389136 4173.84840356223 3928.27855008258 3856.46158827734 3778.89041894542 3876.88003961595 3807.55582335433 3929.19799995742 4047.50287673958 3965.95427440024
2921.56051392174 2899.7519882305 2565.61735675221 2507.49431415895 1658.17255794353 1960.525267832 1549.42708211763 1817.30574372854 1694.52182621457 2231.57475311014 2673.49704479424 2354.05569859385
3705.11681537664 3645.87114683714 3570.99531252837 3570.93216519075 3116.10332931727 3095.87575742923 2953.80414265476 3106.51276386215 3068.47100113028 3362.70060152537 3637.09428297653 3423.24771698324
5048.99134896465 4951.82295447727 4847.90581240497 4890.20602051404 4158.2730734831 4148.69659199079 3876.93343247998 4135.7598069467 4043.26713129921 4502.25968334975 4924.70617232882 4565.23871174246
8004.722511659 7883.67907250593 7740.68195817864 7701.82496055353 6993.20535216135 6945.52047964976 6826.87323806772 7033.38126621246 7100.75940977221 7545.38080414205 7962.99724930495 7646.37457261015
3620.38961284092 3210.74170494477 2919.50771054582 2868.5406536987 2168.09570242403 2313.89960398034 2072.94902276376 2274.70855412383 2312.38315580146 2874.88647810043 3436.89711864585 2926.56954900745
4479.69100840722 4410.78910587542 4335.73987204029 4350.6035341005 3842.61831149231 3799.1311245291 3632.26374309155 3813.44133335836 3768.6163870283 4095.3654253759 4413.09501885196 4161.68561905944
3940.15689243904 3877.12084172699 3798.30154248602 3804.50293162505 3333.30093509134 3303.72815820881 3149.35340257539 3315.80171688269 3276.24573065396 3580.98500616078 3875.79129850414 3641.99861035364
6241.37625875083 6086.89006262321 5923.44646800211 5853.05042705193 5263.22985019806 5249.37749123831 5180.84482593605 5330.29234258837 5450.06422836021 5853.9096538758 6227.3001525685 5946.10339453066
4450.26975054219 4411.0971400153 4357.42609499431 4376.45902729742 3872.177902918 3830.55336782425 3665.83425061793 3842.94926281855 3780.09293059561 4083.94322652662 4368.07032191367 4144.47111243546
6271.61136901114 6204.20112430173 6127.57210479374 6133.10040488652 5570.1110012955 5499.81336672458 5357.23658247852 5543.20718514676 5534.00151846774 5884.22724693912 6216.6042455494 5965.21439567095
6618.88086048277 6461.05828034585 6290.1920768174 6297.61037355677 5434.24705282333 5422.96115688687 5151.28909178293 5439.82984239727 5422.32700584642 5982.68440960512 6516.70396210848 6077.23263724027
2734.83629035831 2641.92762208887 2349.08519184803 2332.6016335829 1652.19428796563 1818.78892178815 1510.9745628594 1723.99602023855 1653.97853067128 2137.06467333619 2588.64429080691 2217.65261678142
4021.30106248949 3962.08092481628 3892.48195771788 3881.77414595283 3478.4525633572 3445.87809073018 3348.34357104591 3475.57698182413 3475.68075045956 3735.78231973815 3979.62836355732 3795.72804017483
8386.27333292372 7920.1326639236 7467.02291318898 7448.78579747883 5948.69307772535 6148.960358118 5647.21988062134 6117.99125229439 6175.08958344014 7219.58965583558 8209.11991221761 7307.4673883927
7625.10375121541 5927.94109298594 4922.47446607571 4784.70833396276 3320.97522696543 3800.1856041348 3310.46630807081 3666.38435011388 4213.52795606354 5807.77037430706 7651.36082006621 5996.97142168411
8004.87881404636 7875.78314696513 7713.16301876905 7754.66492372741 6711.76109832486 6689.97125159273 6334.60987483793 6699.01230796011 6619.83241286702 7255.15020814924 7853.5642074978 7356.5667482945
5293.88542258904 4294.06537467623 3580.29677488088 3441.48706186169 2498.26776475215 2786.07579296174 2492.96267816775 2722.91189024602 2929.50365427591 3793.33279039993 4844.44062752596 3922.93824376736
6448.76380662102 6244.95529945938 6038.45415841066 6122.55725315288 4968.79142288188 5045.76238341281 4578.09132274625 4996.11999355273 4842.14693237524 5567.42608777234 6231.9384924257 5622.45466169529
2345.29860955719 2146.51204704619 1968.42273740173 1973.57840571331 1403.44953662666 1536.8851830976 1300.65588930569 1484.45085736063 1423.85618632514 1856.87519844691 2276.88730752667 1942.81771215564
8412.32844840162 7052.17574033948 6281.8220290651 6394.94247408022 4265.16431493275 5042.07665924514 4086.76817012772 4722.60545199101 4812.43951156674 6407.36860459454 7969.03000375926 6330.89067375508
4998.04083250095 4967.62012663624 4925.17767617103 4948.40313867134 4474.5397503217 4411.47913864314 4264.96259902463 4434.55093974498 4379.22796970152 4661.13773741278 4929.76781576125 4723.30662935241
3831.12216050999 3815.38747094007 3783.22001014706 3792.4716803908 3444.43945037541 3394.44927691318 3293.27983828819 3415.5389588382 3375.03679714913 3582.53428414997 3779.14814533842 3633.07493750021
4861.65475872124 4875.02368999188 4872.31931862154 4909.81713325573 4523.65404061178 4442.46171058324 4311.44241005579 4462.64498919813 4378.06161554217 4589.41661836397 4795.20110596389 4640.6508105994
3169.82386408913 2874.80674669827 2578.75963915007 2449.59557727711 1988.55448575529 2075.26348649093 2021.67266791865 2112.58827400158 2304.76678105532 2761.08927186967 3216.38962079132 2852.11167201621
6203.48446951091 5849.37685299604 5539.3738672143 5560.24111699896 4426.0179651405 4562.30330382462 4152.81023683982 4519.74842702249 4507.24544929928 5307.37719803586 6048.18403226667 5372.90567791277
4465.90754741471 4451.01328316807 4414.05255961535 4442.22898915722 3969.73019272278 3912.64209564795 3746.48743522213 3922.04928176199 3840.49122693602 4116.10647349836 4380.08931536067 4177.05051166424
2730.18394217014 2457.27243603201 2348.95979901138 2380.89700630254 1910.81178639082 1943.2823011057 1748.6538180968 1918.38457016514 1831.96262200703 2183.80843605032 2609.52390166842 2322.79237850547
4641.0214316223 4572.9694818946 4495.09043894401 4494.87625030714 3993.32994499369 3957.30885945249 3816.51592982181 3980.8452047502 3962.24682442168 4280.40715228101 4578.92237321187 4347.79538225587
3708.92491816546 3448.47985209646 3231.62451996379 3143.14946492819 2673.47576973249 2699.5049939707 2628.44505642896 2736.42456936516 2902.60375487509 3327.88217116268 3740.8447384462 3425.49061735957
3671.55555302615 3937.27628888554 3249.52629317435 3089.99909631696 2240.85480046533 2458.63518936872 1992.01398405749 2171.49737815869 2127.08898398815 2604.18236728169 2982.1153416353 2803.01680841924
6004.63943666883 5960.51749385943 5894.52034559252 5920.27796718369 5313.61219937926 5253.5919571072 5071.28594189936 5285.1533202255 5225.71027264131 5580.94725312072 5918.26703141519 5655.23126833355
3998.99680712716 3980.15701111035 3949.09600733508 3972.72214659618 3575.5502918816 3521.39925756202 3388.89863921937 3534.83410984835 3472.1130494891 3709.74477111501 3936.07689520423 3763.07539789573
5733.75158208818 6115.65132258063 4925.1709491543 4462.93622602811 2973.46828833899 3554.52988982505 2794.11773260496 3079.09094363165 3016.47532521495 3739.22547193781 4153.05057607743 3874.68944610134
3652.89326204152 3422.9530983027 3130.40856890129 3113.51189674464 2219.79020046797 2460.00317686325 2086.20496763497 2365.19460716799 2284.65429185474 2920.72431436037 3472.6172317759 2909.16835582115
3991.34504096108 3832.5658876233 3694.56796853957 3719.17054384322 3045.17397872732 3080.35888452851 2829.02433252784 3058.8415542902 2999.2970748796 3463.0996905708 3892.24813919329 3513.9841538604
4976.06710234753 4919.67721770581 4841.46360711623 4897.92689702016 4165.59168155152 4148.80541018018 3853.93629388001 4127.06278508293 3984.61139038707 4419.1903579703 4825.53386840658 4485.89640659489
4261.42587861374 4157.70250415198 4050.81507837519 4027.81535150766 3546.55029373134 3530.29379629137 3414.95843003815 3560.21053781102 3584.42386605686 3911.22713379941 4218.35211366114 3981.50567362376
13519.3068423731 11065.6997923408 9155.02252082332 8940.76515879668 6367.54891326089 6957.84105613167 6233.61021511656 6931.53237789759 7722.59405710466 10535.1793234239 13622.3712521971 10860.5892369005
4721.48949648228 4563.22067189163 4424.5452154914 4406.46167801469 3834.1983048593 3817.12140106484 3662.94495517682 3839.86398462492 3874.73321732677 4286.06889132687 4680.9708466096 4370.21833953962
5567.94799930014 5293.36775573824 5055.77402380522 4995.51651797326 4267.45406490684 4285.86078708693 4114.65490029885 4318.6904951466 4438.60696226255 5001.53106618874 5545.41419010136 5113.94996065003
8239.62552180074 7699.39103417742 7202.29840982806 7086.55894070989 5765.85497854573 5946.35979802724 5607.90426915235 5971.64859471423 6206.39734653453 7205.00559971208 8172.635561392 7349.74935365809
4001.57027396608 3935.81673747442 3863.60712053855 3852.12113143271 3443.19341023945 3410.75296384611 3310.89391897688 3438.73278035299 3442.1288478716 3710.46904879365 3961.90131029206 3771.3942428325
5188.93766856301 4669.28670722318 3808.64929634184 3520.32383999636 2411.59155672911 2846.81141580179 2520.33685680426 2741.73276007341 3067.78428131053 4008.01414131097 4881.70654628402 4074.85671005032
5442.46016748412 5332.60353507163 5209.52678341392 5175.94408691333 4598.94746675868 4571.84021654088 4443.57189143725 4615.75188192222 4654.13017044631 5036.44946511118 5394.52608389604 5118.07867401223
8437.77949602075 7637.41242486972 6968.87956845945 7003.9624647959 5325.99515306859 5589.16049032026 5010.76029169158 5533.22373526537 5646.89464963879 6984.20503873613 8277.9507260065 7053.53721818328
4050.29100602683 4074.66023795924 4081.52458816307 4109.44102760971 3827.07005310624 3758.01259388872 3667.54993455767 3778.10726014588 3708.57005819733 3855.45799123659 3996.98046841864 3896.35742566459
2880.33947166779 3044.08823796547 2636.93667088839 2517.28743784673 1921.65453472629 2062.16850840314 1770.80498388708 1898.33782950337 1893.49174850394 2261.62183320289 2602.49861354278 2372.09575082832
4432.31272194408 4281.42014448546 4139.30677897008 4115.77482394202 3553.7169632143 3556.09357100093 3412.06143542639 3580.986614699 3617.1653935268 4011.92495936739 4387.47672034346 4088.62126195769
4751.33619186718 4747.94504095871 3894.08590137268 3526.32729004329 2159.03921118347 2867.11119188603 2258.22686353819 2558.27105042679 2769.09626591411 3636.32543014515 4251.3046798015 3480.22428767116
3445.00457421876 3382.77825152362 2881.90688039966 2747.64310325919 2114.33944303188 2246.95132147329 2047.71871731643 2193.84174841607 2331.11188552566 2834.00612288145 3336.61706905151 2908.42631823418
7380.05762199321 7192.89562614982 7002.14877498338 6952.67735747084 6189.16833389558 6155.06323099009 6002.38949800934 6225.25818259116 6323.54801565426 6849.09825700238 7346.58724280049 6963.45365493584
3775.53697763368 3780.28616272294 3742.64715131093 3761.55815644771 3351.72881831698 3307.42056424389 3167.24403375431 3317.98249545261 3246.44228972056 3482.85638277586 3703.57051737502 3528.19071831935
7900.28076441369 7508.47044804826 7126.2598311846 7016.91853777055 5927.91995923096 6022.7741945482 5785.75892643812 6080.5021226012 6285.31532706786 7087.80691892682 7856.37690525063 7226.93703739244
5328.24331060231 5225.16620711078 5113.72388710783 5112.05798551787 4499.47945123528 4469.29945064524 4294.18139219979 4493.5963106886 4486.35523120215 4882.96157545352 5257.28750485182 4961.98372403037
10938.1080058452 9619.55908155976 8609.74047584734 8504.6353523781 6329.83913393462 6851.24750098828 6128.80891846449 6746.2949842724 7165.04953647831 8970.44266158305 10826.4245166101 9091.06705885949
3571.59686121681 3479.66439280994 3389.90887335499 3360.08876400841 3004.07510236051 2982.42471948688 2914.95429591335 3016.33589101867 3060.09481143089 3316.77966405264 3556.79370501421 3378.77816395833
8452.50064322119 7431.56022847946 6650.53922219011 6401.22700322286 5102.91906999138 5333.99955690945 5101.90744780778 5390.45922600983 5989.93773215827 7272.96136734049 8612.23528421533 7503.28754502257
4449.2366555869 4478.92054495764 4484.43140540301 4521.41279777055 4165.71023708178 4089.89988337121 3965.18022205877 4105.99220870607 4013.532876501 4198.27919001727 4376.15289627397 4245.19490627468
6172.10558877425 5597.00671332698 5137.06965631949 5103.90752392578 3895.75438942899 4128.46736279857 3707.70082599694 4062.12530365673 4160.17667687157 5109.09282678703 6031.43681610891 5198.41707501478
8107.75132799242 7885.4845390502 7639.78809704858 7563.5996468634 6649.97932046714 6666.93312511397 6494.33538980929 6749.42174717589 6873.75519034327 7483.88723974501 8059.10493582568 7602.86531610043
5359.50815154323 5043.83245825374 4768.29034939384 4713.44016219215 3917.92326272791 3976.41634242833 3760.83321782902 3990.54531917457 4102.20431454892 4716.69372366971 5318.13341092601 4823.42534140957
2219.85091601225 2390.95813986563 2066.37815454689 1976.99113049299 1358.3378630282 1539.76171504478 1227.58663751474 1406.27135770801 1283.3518864157 1616.17254866468 1998.81468524611 2060.01724022097
5472.44076385932 5365.20278993985 5234.90476824171 5288.63469594299 4422.61242595151 4434.24849475818 4094.82980453392 4415.54662659961 4283.54210547813 4815.87715266566 5310.00955607113 4875.29928324932
3235.81825897252 3104.76309077988 2934.4577071046 2960.89276415052 2228.55633855583 2356.96819946524 2046.83684218873 2297.1219741206 2170.62052218564 2668.35687235887 3087.59894466391 2669.51072286475
2713.09237745543 2408.53740885721 2122.0420772261 2037.41619706345 1520.05541099409 1637.61849124989 1485.3945327743 1620.26590618196 1710.42433359595 2195.02183041999 2690.7755759624 2272.5911038444
4175.15776884826 4140.58275054317 4103.87895670705 4128.66454278112 3700.31907085298 3646.63258551887 3501.85479979574 3658.59026404137 3595.30405205124 3853.44219333014 4098.54256403949 3908.65171413372
13920.7657480419 12439.2096661809 11188.0134802568 10870.6827710025 8425.63179582733 8970.6390253775 8362.47285032432 8982.64699697392 9721.94752158375 11798.5747065395 13917.5744820933 12069.7198696792
10432.6256858503 9891.30880952339 9331.61041401646 9198.00303883722 7601.43502475597 7818.98159291931 7432.96442655783 7877.88440007727 8111.30535674824 9242.91615266876 10317.4579368343 9407.19159310563
4340.80958782369 4362.30896648123 4350.62612820806 4385.14382045247 3957.3834215097 3898.53294909358 3747.32353069525 3910.12006293227 3809.35609697218 4036.95857594525 4248.89648794531 4087.26644385806
9123.39629426607 8651.52839979261 8185.5350939596 8050.4700744628 6792.76843523363 6924.93588928891 6668.26389225506 7003.56304070172 7252.62366598283 8181.26958910615 9077.17939289603 8340.12466404976
2062.25917604915 2244.00278206447 2052.42114840372 2030.28288042048 1490.92049923524 1587.02953781004 1328.27660820946 1506.03307186667 1365.55173658616 1637.33192129393 1876.93314925538 1916.53623496305
3718.24098859042 3659.68795870193 3315.69077422221 3277.85197682762 2400.2663476119 2604.51859371963 2233.59624081851 2511.76936105062 2438.07541585385 3027.17517395177 3533.94279332442 3007.1631456146
3411.99241366915 3110.68060769304 2721.22113897934 2558.75481228157 2008.77018009753 2137.14912227719 2051.85124566209 2163.77791487188 2359.68003744548 2891.05847926274 3426.38543209139 2985.71025736606
3002.56216112136 2785.54408697053 2512.11332981511 2448.95031087768 1851.38213086984 1967.91999621062 1766.36274350214 1939.63436332246 1968.89381675204 2462.04453729857 2934.02087790079 2511.83989613957
4809.12777395919 4608.56664113001 4416.81680156102 4346.75677489079 3761.46117107254 3778.18664832339 3667.66854240756 3821.22971874003 3937.98243035815 4375.89649968197 4792.45870062438 4466.70690127686
11064.703156669 10531.2522378484 10039.6232978282 9992.50873862114 8297.14959159541 8416.4930162948 7910.20426601221 8441.63298976752 8570.564644483 9776.20174146817 10945.93529226 9948.63922838122
5119.56083463351 4907.4836242576 4234.35469299086 4188.82741944127 2720.26279000659 3303.08889360357 2563.44134239363 3013.58238744941 2917.59059987797 3823.22115757995 4529.70309971389 3605.04481389294
4340.79014874431 4166.46212465304 4005.53360479798 3938.25596347923 3456.06975132231 3457.20301530955 3383.63132908257 3504.99872659886 3619.53579072175 3990.54915003239 4339.84459741719 4073.95812187031
3350.84538668857 3368.29069635875 3363.27642963402 3394.37523374582 3070.11244874982 3015.07268796968 2889.08421016881 3020.50004450547 2929.37611933026 3105.7102819785 3277.08646498648 3150.58889749615
19799.0240763299 18132.9544468987 16585.8994045104 16078.7504727717 12929.8752310417 13527.0728056633 12928.7201259146 13695.9894549556 14691.6568317343 17280.2014815186 19857.5501781056 17655.6805413624
5237.29230251207 4877.28254447494 4384.36857519617 4258.95837409531 3178.1286246322 3484.78365134386 3210.780257293 3478.6490840379 3569.83427384892 4353.74404954432 4964.82788745615 4387.44007035628
4981.59896671602 4943.14583170562 4898.88436744542 4886.49939439115 4543.46669464458 4482.49977944233 4429.53253501837 4533.26398966104 4550.70456978332 4764.25777140388 4961.18482583181 4821.49522960693
5719.77607760047 5742.11503440517 5751.08205387392 5774.33267414341 5472.82715989718 5385.92899610431 5319.8491579734 5428.5131792949 5381.84813626225 5535.44897915819 5680.09637000772 5582.03789507178
3853.74928755914 3854.75398071551 3843.1228054424 3855.27088046897 3580.50665097907 3521.91428678493 3449.69466893257 3547.98381133103 3511.51844293998 3667.14505752456 3815.19997882421 3709.56541146731
4236.92970044129 4212.09000959013 4172.37677901871 4168.56424183278 3814.99125155331 3769.97496917905 3691.98773377125 3805.29670712178 3790.62852060543 4000.25439906444 4194.32032622178 4052.18917862073
2948.58203543527 2882.56497379338 2710.40776142057 2747.05454120876 1892.12426797298 2144.70233018846 1734.45315490738 2026.46902927885 1829.71484514299 2351.05729927853 2739.01518547053 2349.06789018532
3000.34135272946 3001.36201806667 2462.18325189026 2340.24007787338 1486.43264399448 1815.24522623787 1356.20986285441 1594.69195234896 1517.36692706071 2052.09791714433 2611.81609992031 2434.84011382594
2261.91572705086 2251.05714644373 2062.76974158909 2037.03887866467 1541.73471869674 1622.25311747334 1426.86450127121 1589.97740426326 1526.03795035579 1858.2451792226 2157.32922595895 1952.81025127242
2130.28218434417 2173.7283692004 1989.69402031064 1964.25088582099 1513.63662215661 1572.43348957927 1390.5873676986 1541.95131056198 1469.31165010427 1754.12583221545 2007.70822288209 1909.07115521645
4055.40466833524 3928.15912746093 3795.90506471826 3819.03409984621 3147.31264209801 3178.71342138378 2924.28946565362 3155.32031054061 3076.64020405133 3526.5807564199 3940.82221917481 3587.7000423651
6266.05986664391 6108.08616317731 5954.54366284571 5990.32381216924 5127.20891737707 5108.72766257036 4802.66585709579 5105.63094362854 5042.66507721565 5606.57168175413 6149.25417995668 5699.64096167348
9678.45841928143 9044.59109883514 8482.5095096052 8337.50732773437 6913.58716765259 7058.3585543576 6726.12112290962 7113.73983647199 7434.89587061688 8557.83386891757 9659.45466723547 8750.31260615649
5495.22125242938 4590.31557753572 3937.38559376337 3856.46850597988 2621.21976077382 3049.18250642309 2567.11867291792 2899.66921037685 3110.69432141949 4206.99113337948 5336.64371365165 4217.34161715659
6732.90006417006 6240.73644746538 5823.35917570421 5674.58424613809 4763.14200289279 4851.78524681067 4704.35311013061 4918.31587883586 5235.0082083412 6014.72286617194 6778.14275900608 6169.43619053503
2563.15666856543 2682.98046486215 2448.0349736432 2419.8283820427 1937.5912951408 1985.34608544554 1776.36287703825 1933.6238938291 1861.81701967158 2148.91795531245 2404.12627058289 2208.19868607935
4407.28826386966 4406.9187691995 4373.95007010876 4407.53856926604 3930.77672330382 3874.03041170355 3699.91111447503 3884.32770923818 3785.63972922628 4056.50453008793 4314.82254586379 4109.58633986022
6028.00601392263 5960.96413857724 5857.33070794851 5906.62679594001 5067.54448598435 5045.91129220377 4731.89674736285 5035.69622355099 4911.90402651622 5408.28876554539 5870.12147584573 5482.80323995481
3101.7549668212 3054.60734062787 2815.44701164766 2747.90107138898 2233.20490517988 2302.54280919121 2158.75327059225 2302.70660434877 2324.31994407024 2690.15807268966 3028.87024506934 2750.99189276082
5342.95786794049 5185.02379678233 5036.50245771522 4976.45772807584 4460.73108007391 4429.58781117805 4356.32852184762 4491.37220150157 4602.65631472441 4984.61073795572 5341.72354281997 5075.49469162398
5240.31348588367 4875.59802971587 4573.6526358967 4492.53770788384 3740.82212714133 3799.11031892895 3624.94418398785 3822.88730471004 3995.81950479632 4622.98924016409 5237.4863263353 4741.62785212588
11188.4464133554 10828.8815119755 10347.9985789508 10155.5104633565 8649.88163733099 8688.94681222172 8359.28547247645 8822.63181102182 8971.0770351421 9985.80951242062 11059.0532867458 10266.2953105552
16169.9041160838 14855.9307097301 13620.3382203491 13451.1987537212 10353.9080599461 11016.7642018748 10046.3603099372 10942.3412754092 11401.3162926534 13699.1550942656 15941.486039863 13859.4555503071
3008.3505864033 2775.63242622503 2262.80704531534 2099.88486957947 1494.46452922286 1674.73277886294 1477.75673063506 1620.40341959633 1764.95457964899 2328.55520014338 2919.5216269206 2405.70690423429
5417.39624316684 5198.30152567785 5005.26421523927 4927.85899456984 4375.69081051933 4369.63457217133 4306.07290300832 4439.51472365947 4602.60639685041 5033.55074083522 5438.19167980659 5128.56052075197
4222.53400635503 4199.02384680879 4170.37621629352 4166.68588161803 3882.98433190169 3827.07886072754 3776.54203976426 3866.04500320344 3866.9859597926 4040.03641599688 4200.81565147188 4087.54822690103
12432.2827587402 11620.1027821119 10844.150961568 10758.017111663 8566.15079782798 8911.01706069852 8228.08097630952 8886.74304248993 9138.35589966111 10725.6641204743 12267.3360577225 10882.0578936414
7708.66265220997 7013.51969585808 6447.38731246335 6335.14066834772 5049.78170045269 5238.85763334684 4885.44223007867 5239.91119744469 5523.886086219 6601.30640674118 7687.32343259428 6759.43951624293
3192.41323436348 3190.18542282034 3168.61987844185 3196.07565405864 2834.33389828254 2791.3251560308 2648.657672458 2793.98996804558 2703.21548205272 2911.50991685666 3112.37657907004 2961.86851840998
6780.02468365527 5759.41795470968 4116.16503223915 3462.5296853884 1961.09294652516 2755.54178637847 1958.62281651816 2220.08445698353 2674.48102415326 3894.98052869446 5337.42316194952 4144.43935655005
4271.58216263044 4289.93244328105 4287.97786119693 4302.455799008 4022.92875736754 3961.50703605939 3892.61095827337 3992.43251817248 3945.82507241337 4090.98679208193 4227.02015865494 4130.49399226634
3923.0099544141 3853.61550204892 3784.3949143561 3757.40076224645 3427.58964386429 3389.1629303536 3337.37204370849 3430.50403082546 3470.37838024202 3699.05888498364 3910.33576016291 3758.27347378613
4438.63661635051 4341.43607445467 4217.54954111047 4235.56566855128 3560.44182568015 3570.45214214504 3319.8575416251 3559.21416032924 3481.71516719041 3911.7176300181 4318.50125909754 3977.90976466435
3037.69409363932 3120.71899496342 2884.647526698 2827.44166021462 2390.09897931823 2425.41516368692 2279.77942013783 2409.0601851011 2402.34610125314 2671.93506838798 2919.79099708437 2716.20561921326
4390.01691464117 4424.28029485894 4446.2986524602 4469.82048937926 4265.19764171998 4197.10083858333 4147.33220918087 4225.05611173725 4172.28583064186 4265.90634162288 4354.85491885829 4297.72735716186
9829.71591128507 9087.0681602649 8459.04698574401 8402.47842109239 6655.76688532413 6912.26283226838 6354.23798480524 6882.37470774759 7076.34325365629 8401.8368328366 9701.51957844084 8549.00738450771
2191.87348194735 2316.75515898522 2029.11412575353 1960.42758832542 1449.21145682123 1554.32063042456 1317.59292135934 1467.84260075722 1389.82898005296 1680.59757607622 1961.93406597625 1985.42802360453
3125.37000000143 3060.60937260957 2987.33406676654 2996.35939183338 2560.55023307397 2551.53049504517 2393.8706800034 2547.66117764348 2486.58468261151 2774.06878635911 3049.96671959195 2839.83828050365
3382.62446873139 3393.87475376083 3371.88911239713 3411.2870134133 2969.67403364096 2937.44250685743 2759.01271298881 2930.20680627739 2808.50235482343 3055.387648087 3278.69237094423 3097.94867365261
6179.9190390524 6003.94214060614 5824.41111408646 5827.36661623739 4976.39974710809 4976.02985683652 4699.86725209479 4982.0868972576 4965.11890340081 5532.67913162414 6073.44456544509 5627.81389617506
3361.25716664103 3251.26949961495 3149.08025557958 3135.54496371216 2705.28449788937 2697.30952008628 2572.89416406346 2708.15779927497 2712.22924391906 3024.02091798994 3321.43949485557 3089.88305419689
9311.10290093226 8855.61595582561 8410.54167535766 8299.91057679332 7005.42782370496 7112.88737080268 6814.66244827786 7175.90412969705 7402.33289416632 8353.00864179621 9268.41933755948 8507.2305877336
3981.3624635084 3969.66559227063 3930.3458540229 3951.34291789508 3520.18347669617 3476.26028842006 3328.62220870485 3486.4423505307 3415.32867494474 3666.43648433573 3903.61524990909 3719.51305986697
3732.08149378524 3707.58068788248 3658.48272503402 3686.42181533463 3210.84087246516 3179.97768272625 2997.85643363539 3175.67781409006 3082.13829365041 3365.40999251562 3636.98106307087 3425.33372332125
5556.47141098008 5296.87631079026 5066.3106537412 5075.57510328242 4169.80437627978 4234.21714118301 3928.79640643641 4221.55102443412 4222.64997864171 4857.43326461214 5453.32068273115 4930.61592882354
17319.0935941487 15324.7988567357 13505.0142532917 12993.8849490522 9916.01847803376 10688.3041620254 10037.3843149567 10760.7891220305 11793.1936875921 14524.6812510687 17282.5878950545 14837.1016721639
14137.5265522548 12429.556009349 11063.6346193508 11007.0976310211 7855.86047036374 8816.09168394273 7631.80026695527 8554.26601047541 9006.58092089536 11411.9970449466 13760.7770520691 11397.2981988084
5030.76824219261 5029.08106881838 4985.72725464625 5032.12797222032 4408.99736435183 4360.95225716061 4122.39976011235 4359.74567561705 4227.27606609355 4574.08838871217 4896.94205364017 4632.77437917119
6062.49405697585 5837.17193078766 5611.48491823377 5712.59443619987 4461.33644705756 4631.89619442342 4117.04413708375 4549.21149333899 4388.75570673547 5164.0649993592 5808.10916516683 5154.02346435973
5498.81155935852 5503.0484785538 5486.97621670199 5526.22799396295 5055.11861406346 4971.67794615047 4817.16659443559 4994.9215244116 4908.2700253659 5168.78017831327 5419.18064735369 5229.05930702788
7156.43656578456 6075.00843297161 5305.24392582043 5290.49590015051 3521.61756204616 4216.89330532214 3452.0133783854 3932.34024331944 4150.56218815746 5487.59921031617 6728.13751652913 5415.26363224566
2970.42053920896 2999.97765713904 2370.60948855043 2118.48808370646 1461.03749802899 1690.24269152582 1384.94499263811 1467.32866338909 1567.24902080462 2070.86063106636 2592.07969081888 2331.88787493672
3102.43311911111 3026.47785284113 2950.86039387882 2946.26170653262 2560.8406807972 2544.35323223722 2424.25745189235 2552.52787111043 2528.70769268429 2797.09459397732 3052.82362435371 2861.14471902118
2192.28578063311 2147.13662518326 2033.17349174931 2028.82060000953 1599.48249183164 1641.72509256223 1476.6186292015 1624.4682278922 1557.10407959831 1848.79320679497 2115.95703551017 1903.38445668488
4509.59844136429 4264.80806056743 4039.72208098481 4048.5658981857 3204.24957245637 3308.74557567945 2998.04961453277 3269.45272296679 3224.18872034593 3819.33173554535 4375.36166233044 3886.55815974438
4904.28920194702 4836.06804272084 4745.72807889981 4776.68478941349 4095.45345246348 4078.85828410334 3827.85761829266 4070.36670504637 3973.23612657522 4389.72435998363 4777.11108727915 4459.58524783568
7495.24569797925 6937.88364383009 6451.06015283856 6256.81724319322 5258.96266670749 5373.90794417137 5245.17137050119 5464.4020087481 5863.24164688549 6724.76375486086 7566.68207797179 6890.28327540962
7254.6891063021 7108.65278233013 6945.23035487437 6963.7878790128 6065.9711194314 6042.25491747317 5765.00878271223 6068.9716956125 6040.96355377335 6607.71602341516 7147.63701724711 6704.03706974294
18653.3244735254 17537.6566172299 16330.1382188243 15912.6513863383 12964.5765070765 13506.0837434682 12955.0186754718 13711.1362992068 14191.7909018234 16362.6886635203 18385.3092797747 16686.1982313834
5795.70487883059 5593.39578562533 5406.53272413922 5444.66645720145 4535.63334764996 4562.67685839762 4225.45783718708 4540.16806025122 4479.02270269793 5089.46355363268 5668.60009365716 5169.38367177464
21327.4713176741 19069.1110255454 17105.869566821 16138.1367998548 13183.4268098782 13874.2036948243 13852.2009095427 14312.0161798187 16157.3828747817 19011.0418760779 21906.7597842092 19562.6816142017
5155.97137398938 5037.01511084392 3969.77630652834 3638.91121756836 2368.82686642405 2913.17199849533 2353.11437073506 2615.18829193609 2867.19132257083 3762.88724082884 4594.38571851315 3773.0859357711
3192.31366340726 2930.70998238182 2700.66078550122 2599.30508798214 2146.38067362632 2213.86301671792 2153.7432261057 2246.29761412866 2408.4219324485 2815.20881903724 3215.01776974016 2903.44488499467
3671.8525970269 3637.18560306485 3577.72672191183 3603.45251327104 3105.48538287105 3085.70158165538 2897.29540387272 3079.10578972452 2987.72788711537 3292.74081610539 3575.05893728258 3349.17138881479
6545.45675934571 6153.12597590124 5819.69564807497 5825.05678366225 4692.83236061661 4804.94950672335 4405.53853688708 4770.11733274943 4792.77844234795 5618.66790530562 6416.06935664343 5716.8980983339
3943.34489800516 3714.39148330957 3513.17297826202 3440.74572510599 2919.09475514586 2945.98662010304 2842.28762073003 2975.26785321158 3095.20936026101 3525.19120077683 3941.6436071588 3619.16818228904
4420.64251035258 4208.97855607841 3579.77045882775 3396.40998496756 1980.68546857697 2722.37314385485 1895.70380518469 2300.67487737878 2209.5155651903 2992.52069391069 3655.42616058283 3086.42535574851
6865.6947498794 6637.38223251409 6387.59981951335 6380.40901472436 5334.48817829691 5396.38740857158 5057.94199558982 5393.5113668945 5394.20658433536 6084.18728602511 6731.14331849001 6176.54513629524
7456.85578753501 7112.74600122047 6795.59970250541 6836.75095844635 5526.12592885176 5648.97746190614 5168.93297566745 5607.15728302949 5562.49507413609 6448.92659049381 7275.33949253407 6531.24557663135
2869.33434516194 2866.66740001837 2842.44722974685 2874.45935331117 2482.01933640977 2458.35651176299 2298.26316694062 2449.19104499452 2335.04583420805 2564.60441453906 2775.0294435329 2614.47265106744
16944.6579210393 14642.3130486535 12611.699186297 12089.5718397866 9191.36857109254 9750.68160508134 9136.37375772492 9872.69265212247 11003.2520157449 13974.7200041271 17189.6795029768 14476.6841600199
11678.9624282935 10812.7974095357 10056.6707881797 10139.2663697562 7682.92473620892 8168.58833504688 7236.02872674558 8036.6721287958 8066.28806134563 9759.24891770362 11347.1564524767 9761.64788955092
8471.27280342388 7672.12557937563 7129.86235574301 7359.78101553971 5232.78852159255 5807.92361061623 4840.5317942164 5552.92226123762 5391.51875174733 6810.45063330641 8036.33736652074 6672.13097187256
3876.77820268768 3894.62961096035 3901.58040772846 3915.69942818851 3706.22373081121 3647.85866097619 3601.67076982111 3676.79182359927 3639.56245765811 3746.25981331079 3846.32902789917 3779.64821961358
4908.7499490209 4773.50837696022 4642.09787662885 4638.56874156098 4000.81279770767 3986.86764195782 3787.09644355321 3996.49959317502 3983.9534113162 4417.18995618285 4832.34223344004 4501.85786539716
2473.97618280539 2419.48694489987 2154.50892371877 2096.7043463955 1604.42276996469 1693.73638947241 1521.56217636556 1657.70640039494 1683.74689455811 2047.56409887737 2399.95407855097 2110.61867564813
5757.34878180241 5690.72357073869 5593.31008743266 5610.52799734245 4915.97404634989 4879.41181279344 4654.52129154596 4894.85883595456 4832.00081626117 5253.43735636631 5650.10037887126 5327.59990423476
4025.25281543613 3668.54064201925 3369.78596076018 3386.23738006955 2432.85209233769 2681.73022433547 2282.9816305056 2579.67652724339 2520.18024640089 3227.64540179817 3847.85254764859 3215.05424857953
6528.32967708943 6472.91026604763 6390.73379519453 6438.21202295114 5673.14473165307 5611.03625027491 5339.46490611966 5619.31161408458 5516.3754483029 5971.57312260364 6403.24187479672 6055.80891777388
6839.38229214491 6357.72473879391 5918.20419963582 5780.70204730324 4754.70328023996 4885.15894119353 4665.27610189752 4924.88061870129 5194.07409046571 6019.98664777648 6826.26733890322 6160.39639608194
5120.72497496854 4876.7125782806 4663.95529961669 4598.80473013866 3974.61261041436 3978.11476298034 3849.40298784259 4021.49561490784 4149.49264097491 4642.18834587289 5118.62609960288 4744.23559478475
5987.55679603799 5911.7558113829 5063.65049286153 5003.8776412638 3234.84809578386 4006.11100222668 3178.26010196753 3667.53071896516 3712.49393800373 4750.32163318399 5401.62908751322 4426.79277380299
3985.58967754394 4014.14673852695 4030.53270323946 4051.96688662238 3854.84021925487 3790.68822593284 3740.981878498 3817.03218229109 3768.23794499096 3863.2602792624 3953.80182063292 3893.75705931906
10484.4124027291 9665.76364573877 8973.56508184241 8887.82369144779 7065.78155401425 7330.6411260872 6772.97450503624 7313.20567215643 7576.63406623778 8983.65723292388 10383.7447267735 9154.5936868531
6243.34972919084 6152.29596095547 6038.70003304747 6039.35408741196 5351.85567112647 5312.9066249314 5122.23455235244 5348.61541825519 5331.68209744218 5758.81242353148 6161.29905539966 5840.48521789704
6457.6603240228 6013.94086068461 5647.19625907633 5518.65353575022 4683.86916474176 4736.30676069639 4597.30162412422 4798.72205976184 5079.60921169758 5798.79412160409 6498.83040672678 5949.83618697467
9107.51903304585 8784.30709450148 8460.8943442225 8396.68549078749 7249.05531917716 7277.75699151293 7000.35599634981 7340.6579490191 7477.27897673552 8280.14742581085 9050.27943399786 8423.92970989123
7441.75462681296 7102.16563721464 6766.96451120115 6702.13791464149 5632.00632879417 5716.33754080351 5438.96477690936 5750.16858818075 5876.21056527631 6637.83795902326 7363.34553214492 6760.1742025057
4128.22715523373 3730.34629871706 2934.38843042982 2760.51664588749 2038.75310857733 2215.44693396588 1897.14436177532 2051.66782446385 2186.58797147414 2848.07894279997 3740.05565434058 3178.9001025606
3507.41331525426 3509.32625491963 3498.11456798115 3507.11643585725 3257.70143310725 3206.42572638756 3142.83803019306 3231.79869766106 3198.13444955586 3338.67280732462 3470.69776964332 3377.85364127665
10510.3518005587 9904.64778191692 9357.56473358172 9149.05950429048 7868.65151262005 7965.1188426292 7802.58717510795 8104.09656033189 8550.15568324744 9584.31853564654 10580.2819653209 9792.90558287159
6794.41712469264 6027.53190467279 4687.88326437752 4379.34433769175 2762.10532979182 3448.92153856058 2694.31946915443 3081.97203430147 3430.16816541872 4722.44115165352 6102.45692790606 4705.24976736422
3857.93651965513 3896.44319642293 3919.17836013192 3950.58087470771 3736.39142332532 3667.06801272365 3595.10953239647 3685.26631371167 3612.64099141393 3714.01387627012 3813.74945672514 3745.36647202254
3618.32864854963 3513.73481991386 3325.12582094671 3272.51184100168 2694.58836435966 2765.69984519847 2617.39526539335 2787.46064957594 2768.73033026457 3162.44690812088 3503.39633771635 3227.08321172964
8494.87830342623 5592.81817682474 3852.43334884823 3755.35315455154 2353.10275954172 2981.5974809031 2346.0966097761 2688.07553496839 2904.42864217303 4517.71054144174 7137.09771551921 5185.18853566816
5014.99885273535 4848.93604718871 4689.47562285561 4694.25077043719 3963.5984713913 3981.86954419723 3746.33817784671 3983.0656635345 3973.3592845021 4466.55716794631 4928.40449170076 4536.75978568842
3716.666564231 3734.63621191226 3716.0232102002 3747.31120678088 3336.12678715384 3287.52421224444 3128.29936042623 3290.53431624031 3184.88491177792 3409.23412112055 3620.86716162612 3458.3673687576
3838.53797075181 3710.10361974433 3492.53808610755 3480.49920555714 2730.33382253595 2845.51922948795 2564.76651746135 2807.10617034584 2757.52140677437 3254.22394516759 3695.69771192528 3287.06889652763
4911.34249780196 4909.29254442435 3792.66424407303 3498.61293626701 2202.12849414446 2745.21255211785 2004.26118933841 2294.24347810253 2336.0195038114 3128.35881931992 3846.81810099313 3263.69442249508
13909.6489029087 12882.4208917668 12001.558124344 11776.683806841 9718.79983172361 9965.3174723615 9509.40824635324 10061.2083889502 10616.0315111615 12285.8321931747 13947.8946029682 12564.5998932949
3500.9243709007 3505.96420018618 3495.850670915 3515.04080880358 3231.03318593229 3174.63386870491 3082.57806482715 3191.6332265983 3135.17889948673 3295.89136540734 3451.19265617583 3339.12152826135
6796.81473855631 5822.49598198254 5062.787708853 4937.22194195944 3527.43207523749 3968.36869363118 3506.19285939798 3860.42019337645 4200.86047344752 5423.27653222646 6648.93095786911 5503.51714718111
3568.63415605002 3613.02286817092 3638.89850942243 3673.17111162513 3459.68706530548 3393.07917413722 3314.24790256239 3406.21657989709 3322.44980229658 3420.30911539818 3516.20587000794 3451.31969749623
10212.3314540226 9421.23084010725 8673.87370968931 8391.05459305973 6618.20207574666 6728.42231081329 6176.50926801423 6756.2388968376 6974.79018520161 8398.87064235396 10086.1828399172 8844.44896682096
3449.70424222079 3465.67514175285 3465.80893393363 3489.35379018125 3222.99492567432 3167.21702700703 3081.82572583735 3184.70308979937 3120.71238595568 3263.79122451295 3400.08902540349 3301.74312782078
3989.91106251906 3928.14749353728 3847.82603770784 3862.49211378888 3328.49593530631 3318.36587895768 3138.96260082397 3321.92194049209 3265.24208958276 3595.84475129766 3903.45009932098 3652.39707375566
8014.91570570294 7621.15583543473 7259.08602487287 7304.44093345036 5859.29607574828 6020.2160038919 5485.41653336248 5967.51244419595 5935.47165047924 6906.60077269288 7809.47002684401 6980.02129934789
7737.41877246565 7424.5902785494 7109.93991637276 7067.83333385042 5942.31968565517 6010.51964379994 5686.97129683791 6031.9442305594 6114.19758888775 6894.05145592649 7640.71575754659 7013.87701265368
11787.1978426927 10912.3234793333 10061.4030065112 9847.86760788706 8019.34955563251 8153.23949111211 7722.75885651218 8265.42663021232 8655.25365898177 10183.1623345323 11790.8538194926 10508.8958104836
4282.69566847695 4131.08759717327 3995.52371821053 3995.28414254181 3406.27834865407 3400.21652616883 3205.4350189344 3401.66774644672 3388.36663666779 3807.6355126675 4217.86140431855 3892.86732152479
10230.228238364 9845.46307190827 9440.62836553095 9424.27974903008 7856.3155733385 7980.17692182371 7496.63650043518 7994.04936121397 8046.6836508927 9082.91165475956 10060.8353136161 9218.84099937568
4266.99380571895 4219.59980823095 4160.68568562713 4162.48256420381 3723.42632067703 3680.9686084456 3555.75267859061 3702.47463758993 3673.55107842433 3948.92603953282 4208.51504300383 4011.47207759314
9536.77760492376 9006.12077169449 8552.31433831753 8770.70178016992 6607.9668032238 7009.09951642579 6073.89964859526 6834.47505426737 6602.40891929481 7946.98542210208 9117.42807486559 7880.80879809794
9419.52636435261 9116.60864424141 8789.22165627454 8909.52398420406 7178.86229465473 7342.83446829799 6651.88487808161 7265.24975413348 7092.102879231 8158.68948251245 9126.47619619992 8214.76259779852
5165.15602621912 4364.38438433182 3664.06915961111 3569.80869756953 2342.26412043093 2806.36163135148 2295.00982979513 2623.39533800432 2803.66169100595 3860.0383048715 4951.87155716079 3837.61581096397
7816.80148540049 7636.24834346097 7376.56833849161 7407.44157679407 6163.83341191862 6266.82515087494 5844.53493856191 6261.17081752092 6174.16537602637 6925.04892812488 7598.1246896505 7004.60461240613
10952.7174737138 10843.3841479472 10671.961920771 10473.16248634 9765.58270933017 9601.71090287183 9728.06380233379 9815.65893993132 10223.1110050511 10681.5162605292 10985.1196770187 10840.8725262615
2984.08766536413 2916.67127482392 2672.16744723096 2607.80613179145 2031.32537125874 2138.07325463049 1957.73003708698 2125.41998899411 2111.35658702502 2514.0126590539 2859.90553345707 2562.80815767024
4964.82195692038 4587.71885834381 4386.04730050898 4412.39397851773 3591.45422075464 3651.33909350563 3350.30353824235 3621.34967086649 3591.41781618085 4171.95721659259 4737.05274283205 4229.86418044572
4047.97413710371 3895.75083027097 3762.93460793485 3719.93272841731 3285.60430847638 3266.75962004686 3181.37216321702 3304.43079602362 3384.54832074739 3722.1517601542 4047.1596182884 3802.07785769536
2987.4160165942 2797.4378003933 2512.96274073441 2407.57331635507 1901.03845776452 1995.41932009053 1877.71224971488 2001.37203335541 2108.28010001767 2538.47940908683 2961.65056961633 2614.81979235066
4685.68573131335 4485.26913211714 4290.73766264387 4272.16645976255 3545.25149429174 3586.64303305044 3349.82925471388 3583.58158763385 3587.89650411247 4102.5132729218 4596.31472163162 4185.11198762283
4545.17173141056 4500.66823862281 4428.54638180129 4469.38752479673 3832.95539074168 3811.74232412402 3564.94345419719 3800.71930470861 3684.33455290029 4064.12522183726 4419.60756642629 4128.02282122731
4605.03097347656 4578.94276619078 4533.81497081573 4560.19409009717 4052.92354493481 4004.02718838386 3833.66509187112 4015.09430982133 3941.76210068065 4240.09736668147 4518.27536422596 4298.50658357069
13711.6850437988 12209.6255724753 10955.3413648732 10733.2001080864 8352.60560113395 8772.03482062165 8166.70914970271 8807.0032404761 9490.19432220433 11595.1991273937 13780.4997506228 11840.9103074887
3294.38775897651 3073.44368887938 2792.6977514996 2773.05073892902 1946.21618796937 2185.63609784814 1826.90282741496 2085.11439403948 2010.20152528208 2607.73273869607 3126.37743630276 2589.88904714942
3280.74555354263 3343.34260562782 2825.66476354796 2716.45851575242 1770.10181165841 2113.74896533234 1623.93714168189 1891.3202340796 1814.63764309056 2415.81891047311 2932.952993261 2521.40939340725
6203.06450835741 4206.54323437593 2975.07745578021 2608.44148566731 1632.07237812732 2052.48961847807 1698.02604161533 1848.92750939717 2593.64628483725 4187.27332819773 6556.98466756471 4425.03421122461
10995.6189547819 9784.64126708558 8845.75737203267 8770.36281153217 6651.62247805775 7107.21114579815 6400.81808011627 7021.70797701863 7397.96043746493 9127.2078647558 10880.3425860355 9277.09456185238
3671.64643928588 3635.46384426877 3315.05669728729 3197.62197481829 2619.52598935736 2703.57437274058 2586.86112211605 2734.48267660329 2790.08294640578 3202.914837191 3575.19671297253 3267.52989725685
4868.57707896805 4589.23886407469 4313.12002153079 4229.16958229575 3507.92053217075 3605.20208678078 3456.43785322747 3641.159479001 3756.55140218126 4301.48143334209 4813.95416134446 4396.23793945116
6366.44839445354 5235.15912597096 3998.8547477687 3726.08790249736 2279.33075998917 2949.18481438333 2304.0173044308 2661.0762185601 3043.38088700515 4366.48933679877 5834.30607405334 4318.61255328839
3402.70024505732 3395.25297960353 3374.45872756948 3386.01158294626 3093.24981562013 3042.82145923943 2952.84431562612 3060.15914523912 3015.43243896254 3189.14754572343 3355.84134312002 3236.12731072965
11233.0662204934 10318.3808331927 9438.47555282801 9400.1971490615 7267.94396096201 7563.76142916958 6889.40192990986 7551.49921577727 7745.46859239686 9428.49818987555 11052.6864139192 9550.79279048734
3697.86853566376 3534.06028216063 3365.3575564903 3331.15464742852 2780.08327035189 2826.77027121172 2677.19294402274 2837.27872699787 2865.90932299299 3263.23290021456 3640.93641878737 3337.88835271326
5280.04461834394 5065.06013278095 4869.23909450871 4836.52370701731 4137.97118829984 4149.15699089011 3958.89735303469 4169.6436595006 4232.64882881626 4742.11490293797 5233.3623110868 4837.20959488114
5990.7766231676 5781.94292317373 5560.64991632186 5571.17996475806 4579.4772372655 4651.24486993613 4304.57011755366 4629.65882213036 4582.81433955153 5236.3968421481 5835.27016719534 5312.27464751651
8516.63441902045 7964.95625405395 7480.30106656916 7450.76256268558 6007.8138867484 6171.81152577764 5708.60221111092 6158.73861286798 6286.75830821322 7357.35341865701 8406.0475994192 7476.87296679389
4058.42931315602 3952.17489270879 3846.77477351236 3822.64930732102 3380.95962745418 3357.07593461105 3251.93974968991 3387.12404431082 3419.6483610076 3731.52387088577 4029.84261180696 3801.40554861683
3964.39305691687 3913.00351641272 3848.50636773688 3838.12254832739 3457.85110616952 3417.78001039321 3324.22427889645 3449.68982277698 3446.56010315296 3693.73673116928 3927.13592232199 3750.66925263511
2653.8154399445 2722.12286145774 2355.53667840956 2268.89196134053 1752.85736644845 1842.93130713571 1605.91687380018 1722.53002846556 1759.74587583109 2124.95409931806 2480.02398835735 2225.59506221602
8236.00457606686 7891.89477225228 7575.47850588617 7544.07114380989 6417.7628228745 6449.66894022306 6133.2837487869 6483.97177366854 6582.95743530668 7388.23235479583 8173.14250429535 7523.22125688964
9127.82790850099 8356.45917216854 7660.58147039369 7523.0753141864 5897.68688899425 6223.61776414467 5771.54576960889 6213.20735683442 6523.63026097177 7785.92796123037 9019.88730936137 7933.32235960905
3258.05733832388 3023.45569977169 2451.60884807043 2278.36736036495 1480.04826839955 1790.94671374466 1437.63129844487 1643.03163504146 1718.35778855516 2377.78539374138 3051.70296850451 2457.01575711287
3872.59007760429 3873.25847058723 3856.74296618032 3884.01808654324 3527.48281495565 3468.37451847614 3345.24998414604 3480.95077922062 3409.27237920304 3613.03902464087 3808.49141446063 3662.06256716789
3528.35668168699 3496.685204513 3456.46745224321 3452.38073883739 3152.17296725803 3113.55209153091 3046.04202604195 3143.46497890945 3133.87837098945 3320.88625763132 3495.50135726198 3368.52384179114
2353.8952705865 2358.75248275269 1954.67247723885 1864.01441412782 1281.02259063615 1441.05368036833 1158.01402421001 1312.95728530941 1285.42329932838 1689.50228411299 2147.04427635368 2099.91129796347
2305.18039581829 2463.95193404164 2175.98230997501 2098.0951283622 1583.0382899087 1682.22601092225 1432.85042641077 1562.77561802148 1515.08676926873 1814.44618593269 2081.35100960503 2010.97756470934
4160.92860311702 4100.02927192078 4024.87024950393 4060.38974824823 3480.14977248513 3459.38977967982 3236.58375612598 3448.71966638987 3352.14251351445 3715.48181395308 4056.42740021054 3778.26948751878
2687.9231862882 2636.90158105614 2497.74620928109 2465.48139074593 2040.87252895284 2077.09791075755 1947.43516678217 2083.4107329209 2055.7751503853 2350.79472812053 2616.0630409073 2399.84730197121
4927.81219095793 4761.01147690517 4598.24411661911 4565.66808851596 3938.16915477333 3947.6022572351 3789.19599620557 3975.08974626822 4021.73178349506 4459.60341653017 4872.6715743061 4543.89598882684
3704.39203006695 3629.20728058709 3554.46281337769 3540.27920030655 3163.59296715271 3130.7399982096 3038.82220483933 3156.94776687019 3167.40660246688 3427.7222549731 3673.78644608165 3490.52131915789
2958.91162766032 3117.62164278268 2634.80357122154 2541.92160399255 1864.50697926742 2027.36898474209 1695.31855196711 1877.80012892168 1842.65645603177 2258.50380853151 2609.09776373244 2407.16579438945
7718.2736605108 7254.70621884183 6854.54004745335 6798.92748408079 5614.05757345624 5706.72527456281 5363.91290391043 5722.17406805455 5868.1072925055 6769.25690608467 7657.23653582681 6903.35394733827
4946.3223733113 4853.12772691469 4750.75660690812 4758.33830665587 4138.22169207976 4117.35903983448 3922.79162882681 4129.73228050274 4094.99230203885 4491.47664701346 4861.39676136956 4562.21871303403
3496.04946555682 3463.95048312639 3396.13576036365 3441.36414869978 2851.92630610895 2864.65355559379 2616.19882487068 2834.56563544286 2684.52072484778 3039.20190244248 3354.92510018599 3097.41518693901
3650.63556866726 3286.19324979159 2979.9410350485 3022.79604203912 1937.03390701327 2340.47172381794 1829.02133348018 2177.85640359069 2025.1962555458 2773.44852624792 3413.16199237967 2692.5847324395
3088.01812721293 2658.7783935268 2178.71214126289 2020.04715090035 1489.57292720647 1624.5084600882 1493.84585382392 1603.02653063082 1858.54898683308 2482.66423295972 3188.1054679561 2588.53541986779
4311.36599093654 4232.92550586538 4134.02884903701 4164.29688392388 3531.84879823569 3524.85498913082 3282.41500723599 3513.24633147712 3419.29771696698 3817.24738695936 4198.45425666816 3886.36365968326
3799.30007882679 3733.59199789173 3652.91095257576 3632.2647199691 3222.94990617188 3202.53281009759 3106.99324692967 3231.92656994328 3240.44829835359 3508.44882864247 3759.08957304869 3567.57192130968
3115.83054962368 2780.72171937751 2351.84351508926 2209.69024948898 1598.78023616702 1776.75526358493 1593.86227990059 1737.35090983903 1894.63221370125 2467.85851504869 3076.29841129629 2557.48214066127
7541.81526975605 7485.6330549247 7391.60235701046 7442.38718133859 6575.62499711529 6507.33661710509 6209.79212777863 6525.13973171078 6418.89849437821 6926.24991007973 7409.36584626603 7014.91975908923
13605.5135179701 12574.4422552222 11501.5351795526 11291.1793523934 8710.58653311393 9313.15740197577 8582.43090936547 9309.78220036927 9591.91442109601 11485.6495410511 13187.5487364345 11651.9087554433
8019.86681820493 7286.24183977476 6346.70658954087 6193.75858081461 4267.97964607954 4997.38822133934 4385.19108398819 4846.83149472011 5134.04884121848 6535.21262742628 7573.51130691242 6417.02100578255
8948.27576662725 8563.28276277871 8146.46143240652 8297.65100972231 6478.23480670254 6685.44311283029 5966.42022066387 6602.30546876239 6425.14408560473 7591.15197612877 8623.72719826215 7592.01669188427
2313.74639665999 2433.439468908 2135.11774759554 2092.96152401337 1483.46726503915 1631.69640227876 1324.90574020581 1505.72970537365 1415.46461629966 1772.99602134645 2100.76382734579 2037.56415219634
3790.42162258811 3767.44459431068 3729.4427785156 3716.31636714475 3432.93992929726 3397.27951590892 3351.50643852593 3437.1787438767 3440.4798839137 3608.68819288298 3763.48613175607 3651.52380094817
6913.15333919614 6473.0089015595 5417.17306399912 4977.84654053306 3450.8365294911 3987.38715099276 3625.52775098162 3905.52944298459 4212.19184986574 5400.68856918694 6642.94787804275 5430.36850787853
2163.01291334401 2102.2481880804 1953.09898595061 1973.78679344656 1398.63198662975 1523.93142925247 1270.5122954385 1463.71250234552 1354.99477761753 1732.52209650203 2066.07142248169 1899.51034701209
8832.02738119529 8652.79197188514 7295.44166007259 6890.29911589865 4962.30412833635 5470.38926347408 4987.75222942787 5464.66011896626 5680.31626457166 7137.72003883975 8254.02518494397 7201.70351687662
5726.38255465981 4693.02710655762 3996.39578015875 3803.3005472799 2847.97501833661 3105.55872997269 2907.38277106765 3097.77183436342 3575.29316214321 4663.02231811979 5871.17937995718 4825.82162751773
4255.96399215891 4174.59358221285 4057.54466453337 4121.03960774528 3330.55850681052 3382.94738462665 3043.72709091553 3333.79824161323 3165.38299366074 3646.80704171166 4079.55199675232 3702.78542638466
9061.8469376719 8519.94148738586 8043.24908643651 8055.82077458598 6452.34432495418 6630.47390732888 6073.32229301817 6595.07614943571 6643.30477676828 7785.29057607966 8889.01713187929 7893.66642132258
10005.4844511934 9272.39286387821 8584.85447758097 8455.71696569561 6700.19828977184 7018.18461329836 6518.9382413819 7013.09442754207 7291.89722840767 8602.04016798038 9869.99850960651 8753.99605128231
6714.92106876818 6324.641824213 5902.99502073816 5919.42567261304 4547.82560239871 4806.44415865977 4294.42542283545 4729.65034977729 4731.41213471032 5665.46893497496 6508.59538735422 5681.98746416253
3898.86919737483 3672.85019988822 3111.30429801598 2955.12895107359 2182.87873146823 2378.4031909261 2130.1821023249 2330.2931263604 2469.5485573705 3115.14089408645 3756.4385385199 3165.83590756295
3668.3854384271 3619.88771038728 3551.33051928354 3547.55829934254 3125.66824443899 3101.38983269262 2972.8761972366 3115.44500161982 3084.70121138344 3352.90713723129 3606.3035412279 3412.15724861688
10516.5010991788 10078.332208659 9650.00499825896 9525.17119948346 8217.67907294114 8279.96449033864 8022.50500499601 8381.27443918036 8635.94667465214 9585.99221314515 10497.1995799092 9764.03466140445
5627.66771735382 5398.5516077372 5166.28530154087 5121.04424055996 4309.54103496355 4366.65186633174 4151.22212679234 4387.22453088815 4454.6071236921 5020.18256008422 5551.2427913429 5110.74019922174
15400.2511118408 14754.1592192001 14124.6182738715 13807.8960986997 11845.1646928485 11721.2495009515 11245.9525855398 11828.8899863755 12184.2955560604 13655.1521466725 15342.0684448997 14158.2319537496
9968.62887692829 9332.0988742566 8731.22927357528 8490.90169945223 7138.99285382686 7308.72150371413 7109.78210651541 7423.62670648573 7873.97840307444 8961.30233001401 10013.5700657137 9158.33427956014
4799.76079961819 4717.21682912048 4221.34363234081 4096.71649384454 2980.16019123822 3308.4118664206 2936.26190507213 3239.70297385387 3244.28088833335 3973.52229729644 4471.9321777264 3932.67204618767
4537.84705151486 4834.7581504746 3867.9327954889 3517.48807868234 2411.52790069964 2825.78367857138 2392.77134242747 2605.90434876943 2641.25004080613 3290.02644471226 3722.15588273387 3325.44011951422
5948.65326041902 5626.30379032637 5337.8678173003 5214.04694956921 4510.71204746638 4539.34145038078 4449.71285032644 4612.96045806104 4851.3889347771 5430.27531357157 5980.76380871425 5554.54337074762
1961.69272452429 2094.3177673267 1832.13454583609 1745.16616021782 1124.78609274205 1320.13600915658 1010.79132846203 1172.51909485707 1069.8636219589 1429.91467269179 1890.98268917779 1929.75204628359
