"GMT_0" "GMT_1" "GMT_12" "GMT_13" "GMT_14" "GMT_15" "GMT_16" "GMT_17" "GMT_18" "GMT_19" "GMT_20" "GMT_21" "GMT_22" "GMT_23"
4.17119748101247e-05 2.38357098244432e-05 8.31329813281274e-06 9.97506354900508e-07 7.20923414798815e-06 1.85477779648963e-05 3.58610506723812e-05 5.26915978203018e-05 6.19165688323909e-05 6.55286327043784e-05 6.67205147712201e-05 6.62698228561316e-05 6.52955450725018e-05 6.17528191000583e-05
3.47122874109264e-05 2.12492256628635e-05 9.95366571644094e-06 1.2605504320478e-06 5.60876418472819e-06 1.2402248785354e-05 2.28361854976474e-05 3.40894016140694e-05 4.19696651416263e-05 4.92912534781318e-05 5.39673674393568e-05 5.70516556172443e-05 5.65508636081978e-05 5.25424447049427e-05
3.83900868192723e-05 2.3724743418744e-05 1.14316688569787e-05 1.49798709205124e-06 5.86583941429108e-06 1.21781272324052e-05 2.17900194260285e-05 3.11124544818463e-05 3.93753810017201e-05 4.89740232541286e-05 5.6218946742188e-05 6.25317946474504e-05 6.40577507159609e-05 5.96071234899799e-05
4.05648496149548e-05 2.718852047123e-05 1.4256694630435e-05 1.80710628579322e-06 6.12437776585271e-06 1.1560386340737e-05 1.96546200716704e-05 2.84076157305043e-05 3.58305074429742e-05 4.27537040846643e-05 4.8084129390987e-05 5.2411517847016e-05 5.438838281182e-05 5.26131095619606e-05
4.478590951489e-05 2.92123636280276e-05 1.47636596883009e-05 1.75574999193491e-06 6.51195004031321e-06 1.38725517874718e-05 2.30629612213955e-05 3.42972690945556e-05 4.38946090610298e-05 5.32556896206706e-05 6.03506853068553e-05 6.5009235194203e-05 6.65265686805591e-05 6.25100266570111e-05
1.66795707007373e-05 8.52788088408622e-06 3.14417246309445e-06 4.14758670657082e-07 2.15503264838754e-06 5.00619078809856e-06 9.29673540145217e-06 1.52066325323613e-05 2.161710195364e-05 2.90126765532466e-05 3.35008070746658e-05 3.64322531940094e-05 3.62723121978636e-05 3.16162425893245e-05
6.2961709748836e-05 3.78910048255165e-05 1.63486223473519e-05 1.95192806226513e-06 8.08167470287991e-06 2.04408862611139e-05 3.67622711689207e-05 5.53044014816024e-05 7.02874666000894e-05 8.26978414127519e-05 9.17120591921277e-05 9.75235671974703e-05 9.85932732300305e-05 9.23322998613126e-05
2.94813208528443e-05 1.6903029470961e-05 7.67915908927771e-06 9.86980046029482e-07 5.04072497672262e-06 1.0523691399472e-05 1.91778300137466e-05 2.79033380349006e-05 3.53100177626957e-05 4.51161059847403e-05 5.16383315892344e-05 5.54904234887611e-05 5.53274675828216e-05 4.98475089904946e-05
4.22531913749986e-05 2.62494581814643e-05 1.17651636120246e-05 1.50087417004037e-06 7.10061442273361e-06 1.71388758118605e-05 3.10738826599672e-05 4.47025828598013e-05 5.41084910454677e-05 6.0393030689533e-05 6.35447561477532e-05 6.51234898949954e-05 6.38384634316299e-05 5.99522603716347e-05
4.23354666127362e-05 2.70048421650471e-05 1.2492356290423e-05 1.59814735527438e-06 7.33939625389386e-06 1.61464441344095e-05 2.85112216241768e-05 3.93696340930675e-05 4.7152015213474e-05 5.35832957331115e-05 5.7468763456426e-05 6.00123430037156e-05 6.04440060327188e-05 5.73696751081939e-05
5.14279426262296e-05 3.31448054061429e-05 1.61278752869375e-05 1.88612919965621e-06 7.43958731377758e-06 1.60034134468915e-05 2.79570717847525e-05 3.95995597883978e-05 4.96802961774922e-05 5.8650939536487e-05 6.50032282915422e-05 7.00702817477099e-05 7.15818658967337e-05 6.87437027009515e-05
3.48517727827345e-05 2.02983562326489e-05 8.21762800440855e-06 1.01696036962169e-06 5.24845900311082e-06 1.11856259746888e-05 1.90971111299773e-05 2.94257197168349e-05 3.79550076290967e-05 4.80397145632407e-05 5.39545868212762e-05 5.7024128924867e-05 5.71387005573018e-05 5.2116222802174e-05
2.73979944786773e-05 1.71257148878328e-05 8.01677072869673e-06 9.95996390517504e-07 4.50543685753969e-06 9.66465328934059e-06 1.72366209826207e-05 2.48442819736501e-05 3.1098633073691e-05 3.66543440741588e-05 4.05979912650641e-05 4.36852063919806e-05 4.42745185375735e-05 4.11157575066325e-05
3.74636509151899e-05 2.39518982132056e-05 1.16029154073621e-05 1.45523756471795e-06 5.78773639692708e-06 1.15011968817403e-05 2.07438790729939e-05 2.94621628794172e-05 3.70974392937292e-05 4.50287168898917e-05 5.03251445317821e-05 5.42029614028548e-05 5.47590709168852e-05 5.16486246569299e-05
5.13256653966901e-05 3.15326692406477e-05 1.48811379706799e-05 1.8084222213283e-06 7.06005755097816e-06 1.63668582806242e-05 2.91003421549847e-05 4.3290713427112e-05 5.42688758623754e-05 6.47991912845713e-05 7.25684292771492e-05 7.7561746899527e-05 7.87297971672412e-05 7.46161209252119e-05
4.02026833793361e-05 2.60321042077913e-05 1.27872926095618e-05 1.61687559995011e-06 6.72771004210268e-06 1.38829258441709e-05 2.47166070916215e-05 3.50595383209208e-05 4.25372748453922e-05 4.90303167936171e-05 5.28210181914502e-05 5.54757755637784e-05 5.61923943169914e-05 5.35937075484776e-05
4.2486620367473e-05 2.60488208720338e-05 1.17357953655749e-05 1.45876815096814e-06 6.44368922633733e-06 1.45506969815884e-05 2.62532300609864e-05 3.85850730683384e-05 4.74160252801612e-05 5.52903887878034e-05 6.11097108348706e-05 6.57676299697116e-05 6.65226386141259e-05 6.23831727924653e-05
3.81180754568867e-05 2.12971782622569e-05 7.65167999456363e-06 8.73938902605449e-07 4.88371792171028e-06 1.14128050280062e-05 2.31587738650473e-05 3.54564017764518e-05 4.5844408112556e-05 5.5221895774811e-05 6.20756517172744e-05 6.67282509121255e-05 6.67540661583716e-05 6.18426734901201e-05
7.06749039275694e-05 4.09459113663556e-05 1.69549104576856e-05 1.80521338580363e-06 8.68520186672092e-06 2.49015058855571e-05 4.46981193862056e-05 6.86384106903958e-05 8.66765644954952e-05 0.000101458018742793 0.000112028555838453 0.00011938414003635 0.000117343017951496 0.000109862491363957
1.17779120020098e-05 6.74258995543018e-06 2.81417237265233e-06 3.57190012587957e-07 1.75772727805416e-06 4.05307262728883e-06 8.35772964946511e-06 1.35609777713061e-05 1.81213328794642e-05 2.22905477451085e-05 2.44812534191016e-05 2.52029122669145e-05 2.39331319372078e-05 2.07536435577767e-05
4.57962864914131e-05 3.04574671586599e-05 1.46535764936844e-05 1.74323639111629e-06 7.86295320726557e-06 1.85774648237059e-05 3.06685557939551e-05 4.23687150176322e-05 5.06049781424775e-05 5.63469136464479e-05 5.93181090259626e-05 6.09807286431336e-05 6.13688289809073e-05 5.90401806750469e-05
3.87518851388666e-05 2.06594992517091e-05 7.68150560176945e-06 8.98886641785938e-07 4.91546249547035e-06 1.15584986476172e-05 2.10839675419491e-05 3.4043518794199e-05 4.71275675812735e-05 6.1124215605149e-05 7.17588745940268e-05 7.77867948615701e-05 7.86850508271957e-05 7.15337958010611e-05
2.63563381554934e-05 1.59196842841505e-05 6.52883683876595e-06 8.38027938263383e-07 4.01640837086735e-06 8.50825702209191e-06 1.56846547606032e-05 2.45241835781084e-05 3.29187373983316e-05 4.01649923155829e-05 4.46671117519082e-05 4.77941026878587e-05 4.739621087593e-05 4.27531002930722e-05
5.87564661683413e-05 3.08194404243816e-05 1.01537025251207e-05 1.1123990961805e-06 7.32500924567722e-06 2.13009379654034e-05 4.30964334895035e-05 6.66609143684293e-05 8.24027285446056e-05 9.47012671646152e-05 0.000103675914231489 0.000109706421219465 0.000107238331961146 9.91747496928595e-05
1.72400640376739e-05 1.09020684085486e-05 5.24305890529509e-06 6.65261148656545e-07 2.75772722344497e-06 5.59225031648247e-06 1.05666122128201e-05 1.63741873656654e-05 2.11415301668072e-05 2.53036813222004e-05 2.77281012848918e-05 2.91276709635352e-05 2.86969261998738e-05 2.6190212493818e-05
4.31981730181235e-05 2.56278099622247e-05 1.18282645115309e-05 1.52922785375972e-06 6.27101060452063e-06 1.3164447192199e-05 2.40576619837725e-05 3.56691562041985e-05 4.49041275872277e-05 5.61668540045322e-05 6.44217378505923e-05 7.15244193222568e-05 7.39218590355077e-05 6.8804089170575e-05
4.27380408451561e-05 2.67219991648689e-05 1.26856456963736e-05 1.58843163419285e-06 6.3607867286374e-06 1.36015476214786e-05 2.5087537717586e-05 3.64685084592631e-05 4.49008330982231e-05 5.34413645374448e-05 5.91807793675908e-05 6.30814720541313e-05 6.42387402520045e-05 6.06754416500087e-05
5.92736938301168e-05 3.75977791173569e-05 1.67651341073116e-05 1.92468279790027e-06 9.09212680437807e-06 2.34893164782897e-05 4.04322761253693e-05 5.93359557015641e-05 7.15606076845901e-05 7.93488216252803e-05 8.33971364247443e-05 8.49219955650442e-05 8.35893343742335e-05 7.95657973141817e-05
4.88727887027962e-05 2.60448398951213e-05 9.92763986671179e-06 1.19477668716469e-06 6.19496219885254e-06 1.43248933672185e-05 2.72172385212236e-05 4.01635351460792e-05 5.49808768781491e-05 6.91357045713696e-05 8.15079788555177e-05 9.0207165849413e-05 8.98144133655638e-05 8.16929265120524e-05
6.22221760915806e-05 3.77019919532202e-05 1.70879987776038e-05 1.9940437971275e-06 7.92618269007487e-06 2.08859392890015e-05 3.66361940591305e-05 5.48389737009289e-05 6.88758544714224e-05 8.06727360919211e-05 8.8870970265151e-05 9.40622017214894e-05 9.49948797750368e-05 8.92698032216557e-05
1.83732483312799e-05 1.10624640091864e-05 4.96967781705218e-06 6.62056867556869e-07 2.92214753316065e-06 6.13456454485474e-06 1.15515685077064e-05 1.78658765578042e-05 2.41532547351821e-05 2.87317479172096e-05 3.22202880405517e-05 3.37582788737718e-05 3.29596000058953e-05 2.94958222882061e-05
1.92665647168753e-05 1.33490426748374e-05 7.28409660539721e-06 9.47107915725258e-07 3.53891489460577e-06 6.9209989602506e-06 1.19881987464924e-05 1.66513491658317e-05 2.08229996435047e-05 2.51714140428429e-05 2.84804421502263e-05 3.13887189414777e-05 3.14927065453363e-05 2.8941299148861e-05
2.68549333459834e-05 1.71123298496431e-05 7.22995234070517e-06 8.95145868147016e-07 4.65168451647732e-06 9.57739539761666e-06 1.85919550216391e-05 2.62840176362618e-05 3.24458309036275e-05 3.73147261867327e-05 4.00393121807561e-05 4.19415353441951e-05 4.14377259682761e-05 3.86068934599385e-05
5.52820505907058e-05 3.3445098411544e-05 1.5217888944003e-05 1.74445967184982e-06 7.27524928902551e-06 1.70747451045594e-05 3.0367063308937e-05 4.40313455659263e-05 5.61975494115329e-05 6.76696759207387e-05 7.53798627679867e-05 8.06350333064456e-05 8.22636115995781e-05 7.81650745536837e-05
4.63807143025389e-05 2.8797651457937e-05 1.39954772999897e-05 1.74680186844178e-06 7.05000330517865e-06 1.63489308472924e-05 2.97176069076357e-05 4.44121301869746e-05 5.545809796186e-05 6.42584366804946e-05 6.96959831666475e-05 7.30394701808139e-05 7.28576794385537e-05 6.76176984138822e-05
3.19500647666218e-05 1.95346371580638e-05 9.4576142556795e-06 1.1835420807513e-06 4.50166554111785e-06 8.81595801438722e-06 1.52338309674437e-05 2.27193797683149e-05 3.06938068057803e-05 3.78695604323461e-05 4.32420860459314e-05 4.77000196530932e-05 4.94869941355369e-05 4.68972326008679e-05
4.0728461490987e-05 2.68885134300053e-05 1.40176170756656e-05 1.76385392036316e-06 6.23573308873779e-06 1.18405172069195e-05 2.0561044497646e-05 2.98181993843563e-05 3.81841341761965e-05 4.60211811099475e-05 5.21192703453697e-05 5.67638483845777e-05 5.82810123481707e-05 5.52796702353356e-05
6.04917790623878e-05 3.26610134534617e-05 1.19673818141267e-05 1.36847345019738e-06 7.75490349219076e-06 2.26682832261753e-05 4.28460080064458e-05 6.38353038624591e-05 7.91664652567526e-05 9.1921744573699e-05 0.000101011471616396 0.000107275347633627 0.000105651102277058 9.80771421658174e-05
4.80798689797876e-05 2.99469691794337e-05 1.43550386576534e-05 1.7114688784611e-06 6.69261646834396e-06 1.42412803734839e-05 2.56085227285797e-05 3.77396560453644e-05 4.71645225516941e-05 5.6758191699561e-05 6.35075729934272e-05 6.85181077295122e-05 7.03403588651305e-05 6.69553421133744e-05
3.69279001720784e-05 2.33339180482885e-05 1.08985574994054e-05 1.35884206128326e-06 5.43402780490079e-06 1.11035552297756e-05 2.07112779373115e-05 2.97867383978773e-05 3.79407866722574e-05 4.51526657355424e-05 5.03114880213119e-05 5.41031149550581e-05 5.52772148828932e-05 5.22792138503727e-05
2.36189512905411e-05 1.5527891094331e-05 8.07636587714379e-06 1.00152801476872e-06 3.77230463406413e-06 7.32408456510468e-06 1.2337795549285e-05 1.86413489329777e-05 2.44952145784516e-05 2.94890677432317e-05 3.32703431805058e-05 3.57596783418093e-05 3.61394925024892e-05 3.37159955866108e-05
4.55760822063652e-05 2.89703907929668e-05 1.30441393088646e-05 1.62753170060263e-06 7.65498940309416e-06 1.76815468214958e-05 3.22719314718939e-05 4.67436603094648e-05 5.57524117154435e-05 6.2463658040857e-05 6.54204254683145e-05 6.65591168077427e-05 6.61218632514327e-05 6.2581249654021e-05
4.15128431116976e-05 2.60524701242127e-05 1.27344219128994e-05 1.58479405838333e-06 6.33568709623807e-06 1.45889107181677e-05 2.62968890430262e-05 3.92792851319827e-05 4.85113577376302e-05 5.65359971655289e-05 6.15452141092344e-05 6.47657727917168e-05 6.47514292099178e-05 6.01623719354282e-05
4.73446583336233e-05 2.91769885232524e-05 1.3894574906333e-05 1.66569953102111e-06 6.85074072722841e-06 1.69288560665573e-05 2.96731767246606e-05 4.56138901597825e-05 5.67855871421578e-05 6.60183970152474e-05 7.21666391781302e-05 7.51953132868231e-05 7.47703499881321e-05 6.97190945543826e-05
2.94733445061498e-05 1.91752773334666e-05 1.00116759080727e-05 1.27989716248021e-06 4.55488739235787e-06 8.84198214152973e-06 1.50726907931018e-05 2.23530750037182e-05 2.92449034448879e-05 3.53534121889764e-05 3.9770653292198e-05 4.32007256833487e-05 4.40868775666079e-05 4.14839362423436e-05
3.98494813227423e-05 2.55309973081827e-05 1.25761646818773e-05 1.56358857423403e-06 5.858875899211e-06 1.18178225538969e-05 2.06206965919151e-05 2.97304519442312e-05 3.80542960196054e-05 4.56074828984102e-05 5.12523847351485e-05 5.56151065868129e-05 5.73604513709577e-05 5.48040791947725e-05
2.81081781718537e-05 1.87980434151254e-05 9.87348974705188e-06 1.3077785291182e-06 4.63904793863812e-06 8.81318441780788e-06 1.59720381483224e-05 2.21904278399349e-05 2.8497819496185e-05 3.46073624957423e-05 3.91342081998258e-05 4.24982342176879e-05 4.27150575499761e-05 3.97286622793307e-05
2.91311217250009e-05 1.84787012332478e-05 9.00036816898715e-06 1.1967733007408e-06 4.89904608838735e-06 1.06023196027321e-05 1.86982200151831e-05 2.77025790067713e-05 3.43603586698152e-05 4.04440042925798e-05 4.48622626146103e-05 4.81488501673277e-05 4.82880597597037e-05 4.42843367336013e-05
5.89935167816267e-05 3.53302729878624e-05 1.4064755433625e-05 1.56597675437048e-06 8.16829258381972e-06 2.39221590703195e-05 4.13675498631385e-05 6.18936094300586e-05 7.61792631189255e-05 8.62533488473169e-05 9.18311312176033e-05 9.42564186720725e-05 9.25664982560244e-05 8.71517156893714e-05
4.29149845052592e-05 2.75889097619262e-05 1.388295572588e-05 1.75030594421054e-06 6.37973993926942e-06 1.3120171167679e-05 2.27209815514728e-05 3.25407404191271e-05 4.15145053727967e-05 5.06080626838818e-05 5.74818761824577e-05 6.29965322671062e-05 6.45828907797853e-05 6.07246695307072e-05
2.61550931501038e-05 1.58714241981508e-05 6.90482574759541e-06 8.74855395347141e-07 4.66174320432531e-06 1.08433199375382e-05 2.11515719033451e-05 3.21538087840296e-05 3.86632299669951e-05 4.34962762492199e-05 4.57521091684032e-05 4.680526740811e-05 4.56156081050273e-05 4.12466833200984e-05
3.15326314595392e-05 1.91800234471775e-05 7.74483045429932e-06 1.04645159518045e-06 6.57702804603771e-06 1.53986105316133e-05 2.76004776263043e-05 3.74136529181582e-05 4.2365225074898e-05 4.80147232780726e-05 5.10595458092989e-05 5.60148745256599e-05 5.5503687859693e-05 5.2063040097695e-05
2.65521982908657e-05 1.58424827893805e-05 7.58757249221194e-06 9.78081585191835e-07 4.00529123448822e-06 8.09190870944532e-06 1.48975698561687e-05 2.20543723637381e-05 2.98841752059037e-05 3.78906659628785e-05 4.41896511681201e-05 4.85897750929017e-05 4.8933355947839e-05 4.45337249097806e-05
3.31000336465931e-05 2.20409541072502e-05 1.00830402829008e-05 1.32010745700667e-06 6.42842518775588e-06 1.41833198840864e-05 2.53284465528118e-05 3.53696090436634e-05 4.07781610837089e-05 4.39105795766499e-05 4.41049764982288e-05 4.41876904316852e-05 4.32681054806531e-05 4.19004922932146e-05
3.73054401564075e-05 2.09915011120693e-05 8.68731714327168e-06 1.09306112568873e-06 5.64969559232549e-06 1.42380311874287e-05 2.77007916811006e-05 4.22066753153189e-05 5.19316349040296e-05 6.03413663368998e-05 6.59633566883004e-05 6.90640044132953e-05 6.8121901386412e-05 6.15065375268663e-05
6.75834397410209e-05 3.94396850252912e-05 1.60941221558049e-05 1.75123827163874e-06 8.66293320146743e-06 2.56703636241018e-05 4.68078586332755e-05 6.81290629696628e-05 8.54424612228851e-05 9.78170926220644e-05 0.000106458032019101 0.00011194872789681 0.000109790465801523 0.000102189893227437
4.00083655437088e-05 2.14560829567494e-05 6.71635494562228e-06 8.31717971417157e-07 6.52420851401415e-06 1.61721532338621e-05 3.24207396710209e-05 4.91031764147244e-05 6.15131325538485e-05 7.08559703771636e-05 7.62095550712443e-05 7.86734814554356e-05 7.58664182322114e-05 6.83251988185869e-05
3.80282497957662e-05 2.3392327201317e-05 1.18016160482105e-05 1.47480396581183e-06 5.4950278695642e-06 1.12226206109377e-05 1.95252090148632e-05 2.97060952637452e-05 3.9695621525551e-05 4.9227559372465e-05 5.64806440409837e-05 6.10905454323305e-05 6.17335542639165e-05 5.70849125890362e-05
4.49481922309825e-05 2.8936850422185e-05 1.43139431074352e-05 1.73824580399767e-06 6.57006262964492e-06 1.38178187910727e-05 2.4270062625381e-05 3.47533617706577e-05 4.39559221846997e-05 5.30024949262407e-05 5.97631080861191e-05 6.43939915463905e-05 6.61873185853595e-05 6.25976427292876e-05
3.77128570016682e-05 2.36810463689044e-05 1.21921795847738e-05 1.51997296467759e-06 5.66911835043905e-06 1.08993217964028e-05 1.98212346514721e-05 2.97762182300173e-05 3.93581796115378e-05 4.81457636075772e-05 5.46693971497444e-05 5.87949384119355e-05 5.95682092191892e-05 5.54160286629369e-05
5.33828509727942e-05 3.3911007028731e-05 1.61017574317145e-05 1.98658894883324e-06 7.67332963847905e-06 1.79198095753136e-05 2.84687702889137e-05 4.22807754427344e-05 5.23369649002806e-05 6.10250246517331e-05 6.55367103274539e-05 6.88714960748907e-05 6.97018524693844e-05 6.77484939843167e-05
3.27620853365265e-05 2.03162652609631e-05 8.81293240035893e-06 1.08312823811835e-06 5.22404632941429e-06 1.19029452142289e-05 2.08456650420694e-05 3.04788526467231e-05 3.72850334865231e-05 4.34821429363186e-05 4.74801468765209e-05 5.02298679841755e-05 5.06880642784858e-05 4.75054007122822e-05
4.2053297465944e-05 2.61116163159696e-05 1.27844405723172e-05 1.64969785737611e-06 6.10545812585901e-06 1.32871596532248e-05 2.43100107739805e-05 3.63912148062157e-05 4.58654235823744e-05 5.46386244016575e-05 6.08224808276688e-05 6.49214987261335e-05 6.56575646945223e-05 6.13127679631241e-05
5.94365567258761e-05 3.76092997602021e-05 1.71705190497201e-05 1.94445964013244e-06 8.53499827256116e-06 2.26938490975976e-05 4.04143146930396e-05 5.73081823633794e-05 6.99164933160406e-05 7.65682538030041e-05 7.88671147305949e-05 7.93965295363282e-05 7.88131282037466e-05 7.64709176465723e-05
3.82710130371583e-05 2.46251107668541e-05 1.23489871862843e-05 1.61628439006497e-06 5.83893708666246e-06 1.10871682433725e-05 2.05435838017916e-05 2.90999688927738e-05 3.72295848418017e-05 4.45106925628102e-05 5.00958228354721e-05 5.45675918143724e-05 5.62975153814473e-05 5.35835988027851e-05
4.43830579420907e-05 2.97583621753779e-05 1.48411398464189e-05 1.79302456776749e-06 7.68320287859744e-06 1.75282088440897e-05 2.88656728781059e-05 4.0359902753478e-05 4.78803981802302e-05 5.36536098902276e-05 5.64596229691036e-05 5.82112520611959e-05 5.85508458915565e-05 5.62363553619788e-05
4.85005395717644e-05 2.8728454610894e-05 1.24988331192368e-05 1.51879264917244e-06 6.94716076682669e-06 1.71093134351083e-05 2.9779319063454e-05 4.25322464002934e-05 5.28954339158263e-05 6.39685205260162e-05 7.22466093584606e-05 7.91623696294427e-05 8.01675907986155e-05 7.45301208720827e-05
3.31552896131571e-05 2.04041668444624e-05 1.01002805612744e-05 1.26586538691465e-06 4.60027988192059e-06 8.70864919065491e-06 1.58047019670728e-05 2.36185592793016e-05 3.22541661299724e-05 3.99768696711939e-05 4.5850573580867e-05 5.0742952201429e-05 5.25586924129914e-05 4.94621031139207e-05
4.38593117923706e-05 2.81041377137855e-05 1.35540115423015e-05 1.73143871893822e-06 6.50856053438468e-06 1.29388026813507e-05 2.26705768701822e-05 3.29134468528932e-05 4.13513123676299e-05 4.99428559854679e-05 5.59827699119475e-05 6.06934627743024e-05 6.25914943447141e-05 5.99443351813652e-05
3.56740286738308e-05 2.03253358802417e-05 8.23085933164399e-06 1.02672429895374e-06 5.26940107994914e-06 1.17910171277876e-05 2.14508400497548e-05 3.13605515554055e-05 4.18961225724461e-05 5.42813833402519e-05 6.46684043679156e-05 7.23356898252955e-05 7.42741284128847e-05 6.76842172931668e-05
5.19689396479192e-05 2.95929387096797e-05 1.12398420870105e-05 1.3501124230734e-06 6.90183462262789e-06 1.85346146686636e-05 3.5524884614614e-05 5.21242197182411e-05 6.59097820293612e-05 7.6741661385423e-05 8.40701874066821e-05 8.80648554398398e-05 8.6939264363867e-05 8.06839814237414e-05
4.33251963054463e-05 2.72112723386312e-05 1.24520412930424e-05 1.55937909421023e-06 6.58424078396119e-06 1.37251397222571e-05 2.58521164376692e-05 3.76903403146231e-05 4.69800943139576e-05 5.50871193083454e-05 6.07225047228967e-05 6.39917198353311e-05 6.51936203448452e-05 6.13996349841961e-05
4.33813047295086e-05 2.52108125036497e-05 1.12412667045198e-05 1.37756869322547e-06 5.99470876421322e-06 1.47078069043342e-05 2.64627256164818e-05 4.01616591905791e-05 5.10747444926173e-05 6.10146611567306e-05 6.80513281129597e-05 7.29330966153035e-05 7.35660637443927e-05 6.79502305312273e-05
4.19526973752011e-05 2.64991189268345e-05 1.32652651524669e-05 1.66354610259127e-06 6.40187034504941e-06 1.25129637141429e-05 2.23370117718161e-05 3.2666711836268e-05 4.16531898880111e-05 5.20842678115224e-05 5.96984882281148e-05 6.57617082064587e-05 6.74388148087876e-05 6.29602702491242e-05
1.73718092708802e-05 1.13444064476645e-05 4.95842140889117e-06 6.57780171944951e-07 3.75687221056549e-06 8.54945560472411e-06 1.64602688431742e-05 2.19521559851781e-05 2.53178327243464e-05 2.74866212481578e-05 2.79812442675287e-05 2.87719857259487e-05 2.81347388430053e-05 2.58006823667083e-05
3.7916572211204e-05 2.45047262586504e-05 1.21421561343175e-05 1.53080166713372e-06 6.01246973133575e-06 1.24766542639008e-05 2.18371556818367e-05 3.12292846766295e-05 3.88099301359612e-05 4.59360952756755e-05 5.09054339440479e-05 5.48083922810632e-05 5.59082183614247e-05 5.27576481248009e-05
3.25913811632229e-05 2.13822330669177e-05 1.06096141327341e-05 1.36074901413355e-06 5.66537561056407e-06 1.11124047584083e-05 1.96841946032654e-05 2.78325481513612e-05 3.4442810095894e-05 4.00451664320753e-05 4.35953448499229e-05 4.62281706388052e-05 4.6858706213552e-05 4.44277684777825e-05
2.32856998871026e-05 1.50235816527846e-05 7.14686892828605e-06 9.32583229043311e-07 3.87887947200698e-06 7.75726513858369e-06 1.37510925201576e-05 1.89694409406311e-05 2.39035868655369e-05 2.85017347310432e-05 3.21060696544665e-05 3.52865333414352e-05 3.66370536370797e-05 3.46216685999128e-05
4.2102802720886e-05 2.75651521199058e-05 1.38474671721911e-05 1.75140993279859e-06 6.47035166881795e-06 1.24076931838678e-05 2.18634530631674e-05 3.10229617383894e-05 3.91700027889187e-05 4.65217029586275e-05 5.20855962921309e-05 5.59928437193483e-05 5.81786157099077e-05 5.60311326719722e-05
3.87734602151354e-05 2.2488550374846e-05 9.1215311046401e-06 1.16487450699426e-06 6.00625458647712e-06 1.44118554847706e-05 2.41253790274464e-05 3.52998745075067e-05 4.59746902327767e-05 5.73889112853944e-05 6.62480253066596e-05 7.08847689212286e-05 6.98319068935637e-05 6.20995706037661e-05
3.24264257686853e-05 2.13947341573802e-05 1.09650677628827e-05 1.39777635457854e-06 5.36967196984148e-06 1.11507360540395e-05 1.93242130850387e-05 2.81736915806182e-05 3.49791516790542e-05 4.0595913193989e-05 4.42767470634771e-05 4.6941562382308e-05 4.75136984686905e-05 4.47966476902731e-05
2.69652504718515e-05 1.66181511904297e-05 6.73836506483644e-06 8.51968185794701e-07 4.97214226334921e-06 1.11175062803791e-05 2.03426698067688e-05 2.92275762368447e-05 3.46036516409623e-05 3.93064969326286e-05 4.16139626868766e-05 4.31312578723524e-05 4.29450160634153e-05 3.98923134309486e-05
4.19860023407687e-05 2.707317780879e-05 1.40298802710153e-05 1.76240289473253e-06 6.15076676758383e-06 1.24159916132174e-05 2.20774302600306e-05 3.14548150864078e-05 4.07657671045452e-05 4.94490237437598e-05 5.56497334782551e-05 5.97942529371468e-05 6.14828813961018e-05 5.82796816695091e-05
5.49686258710309e-05 3.38734968996402e-05 1.51011760003921e-05 1.78486987483741e-06 7.70559682394523e-06 1.88092833878227e-05 3.17587871578404e-05 4.64586643788831e-05 5.79288235086371e-05 6.79218851828856e-05 7.54491457384836e-05 8.04498397401227e-05 8.17678628796426e-05 7.79877691551917e-05
4.17640957048651e-05 2.56935711567075e-05 1.25499311044005e-05 1.55296870622294e-06 5.80104606361409e-06 1.1784876904302e-05 2.06130115225707e-05 2.98714470159826e-05 3.88952020702338e-05 4.81763270147684e-05 5.57956532546259e-05 6.13560898562299e-05 6.36392160778698e-05 6.06318920550312e-05
4.3748569039516e-05 2.23441102195721e-05 7.90238102919481e-06 9.95021617421724e-07 6.13015609456468e-06 1.57631392947432e-05 2.98330870241414e-05 4.33336269293256e-05 5.65407863739554e-05 7.3567300134811e-05 8.68640421865763e-05 9.46332854537642e-05 9.62282445617968e-05 8.74490987914261e-05
4.67021623311876e-05 2.98835428163997e-05 1.39164162878863e-05 1.7754568382487e-06 7.29128752200913e-06 1.62384558283715e-05 2.79243981443821e-05 3.96718819336684e-05 4.84341014117981e-05 5.63523746326557e-05 6.20617007616006e-05 6.60035521327271e-05 6.72341936052992e-05 6.4009900936913e-05
2.40784568573905e-05 1.62532661509606e-05 8.52602340237142e-06 1.06435189977638e-06 4.15678179222124e-06 8.29093194623762e-06 1.45470058319657e-05 2.06099111542658e-05 2.55294138198991e-05 3.06324488892736e-05 3.42624420916399e-05 3.6745781307099e-05 3.69133783543032e-05 3.41416547737943e-05
4.33881719732341e-05 2.7999386633251e-05 1.39852159370974e-05 1.81961268322303e-06 6.27912696679438e-06 1.22235407026217e-05 2.17145790174848e-05 3.10818970188084e-05 3.98047160052347e-05 4.80836630249102e-05 5.45032247232626e-05 5.96761134852602e-05 6.19537982396723e-05 5.94368645424619e-05
2.71718685542987e-05 1.63188587626157e-05 7.80911022969931e-06 9.83144436883384e-07 4.34510997008716e-06 8.64204792088136e-06 1.55370655424341e-05 2.2798052611821e-05 3.11979160524618e-05 3.80965082077864e-05 4.36177519596516e-05 4.66948437806607e-05 4.66639105411119e-05 4.25255255715115e-05
3.50636225132714e-05 2.20862829748725e-05 1.10211646209376e-05 1.44500960207844e-06 5.55030181779267e-06 1.11118388433314e-05 1.96329804428557e-05 2.83914562285558e-05 3.73689736056768e-05 4.64755841030781e-05 5.30732614773116e-05 5.83616187209951e-05 5.94382734819128e-05 5.45758943260425e-05
2.14700051252139e-05 1.30915965429487e-05 5.39968469793383e-06 7.44514841990518e-07 4.37880983266458e-06 1.12778657062205e-05 2.10353777153312e-05 3.10743363499207e-05 3.65949981542061e-05 3.93956858849532e-05 3.99730870379552e-05 3.9968036978932e-05 3.73987154364026e-05 3.37696530685259e-05
4.60403440285483e-05 3.02895940862166e-05 1.50481691416502e-05 1.81468665218901e-06 7.12926912907436e-06 1.49350809886716e-05 2.52407969412167e-05 3.6184653762825e-05 4.47011358102595e-05 5.35376495003362e-05 5.94334365154414e-05 6.38032013992398e-05 6.5153760848572e-05 6.19941801030969e-05
2.15406731874555e-05 1.48956619492948e-05 7.41519629111884e-06 1.01925575103918e-06 4.87248105681644e-06 1.0364929273074e-05 1.70808656494834e-05 2.34120146012907e-05 2.73887951681553e-05 3.09358360563478e-05 3.28435615347897e-05 3.31300844989304e-05 3.17515116827933e-05 2.91163043779223e-05
3.97086449898798e-05 2.52724343425556e-05 1.30086938583282e-05 1.68857787332014e-06 5.81090542248506e-06 1.21169380538523e-05 2.13052099112112e-05 3.15254909693771e-05 4.079272135985e-05 4.99386846906768e-05 5.69986996188827e-05 6.16034650847705e-05 6.2717831637597e-05 5.8054226518672e-05
3.68387671498025e-05 2.20123480419329e-05 8.9705472675493e-06 1.21875980904856e-06 6.52385541023333e-06 1.52896983191866e-05 2.85048924159897e-05 3.99469863749045e-05 4.89703805625718e-05 5.48407815117513e-05 5.81058547455462e-05 5.90591461980475e-05 5.87252201491726e-05 5.43408187975842e-05
2.48207265343611e-05 1.55881665365861e-05 7.8116829353199e-06 9.73744568539634e-07 3.90753760150925e-06 8.06725105683811e-06 1.34572208370569e-05 2.02846615512824e-05 2.74304228997953e-05 3.36164894205818e-05 3.75372967927905e-05 4.03090633506154e-05 4.06081898833601e-05 3.73796841461423e-05
3.56129258249158e-05 2.24463752424128e-05 1.07171712543499e-05 1.43808877904481e-06 6.25992405453874e-06 1.4537141993875e-05 2.44532765839971e-05 3.46678330645703e-05 4.1642757531761e-05 4.77474522351727e-05 5.12970216139121e-05 5.30062873262219e-05 5.34930686187469e-05 5.03495688639918e-05
7.25592919421571e-05 4.01493926078604e-05 1.62307031029124e-05 1.74674869838145e-06 8.314447055747e-06 2.59006921211084e-05 4.44278127880348e-05 6.20232413920377e-05 7.86808410419753e-05 9.25181796086282e-05 0.00010328172156769 0.000111399298559222 0.000113289921884316 0.000108644329301404
4.05671841817778e-05 2.34159771005843e-05 1.02580340202336e-05 1.27071820335416e-06 5.83521678326203e-06 1.38044452936438e-05 2.8779320695251e-05 4.34978072424305e-05 5.52384974811045e-05 6.44857298993678e-05 7.04550519250359e-05 7.38994848293928e-05 7.28786138947816e-05 6.59928306708896e-05
5.52133628473727e-05 3.20799718077205e-05 1.27626635120271e-05 1.55306517635012e-06 7.10559931799354e-06 1.90764538099839e-05 3.46094278904563e-05 5.25281459026493e-05 6.70315053300973e-05 7.88454726153814e-05 8.69722586811886e-05 9.12273233622476e-05 9.09205739133383e-05 8.46452597582784e-05
5.86537495240636e-05 3.69435683309234e-05 1.62062973002055e-05 1.86909105948484e-06 8.9320592268073e-06 2.27006418587276e-05 3.96983354785593e-05 5.72844527497469e-05 6.87502653860746e-05 7.79100925594267e-05 8.34113699862965e-05 8.66758715622816e-05 8.63288802129075e-05 8.19124627169535e-05
4.00434080755724e-05 2.67503936796556e-05 1.3414044374708e-05 1.68066125562096e-06 6.38260026347237e-06 1.38652311822932e-05 2.39781308503306e-05 3.27672659906819e-05 3.97341306515876e-05 4.57166957186791e-05 4.96345126872241e-05 5.20747450454276e-05 5.35191185611301e-05 5.15843038945262e-05
1.79051401356864e-05 1.01671011891278e-05 4.4693751777818e-06 6.12961143959602e-07 2.92189809855912e-06 6.22662834592954e-06 1.06335765653505e-05 1.4907295375698e-05 1.95491425539965e-05 2.46020890884396e-05 2.85399445060436e-05 3.11336396690135e-05 3.15971759333649e-05 2.91973031537388e-05
2.23012523885621e-05 1.33040917691838e-05 5.93900168247667e-06 7.41138789233298e-07 3.09054273070004e-06 6.2310607636919e-06 1.09706293507511e-05 1.64104712417285e-05 2.21627919586712e-05 2.74535012302146e-05 3.11288524410258e-05 3.4196574007856e-05 3.54115561585747e-05 3.34410644394684e-05
4.47502595917076e-05 2.68248300432538e-05 1.30858751961975e-05 1.68221096512621e-06 5.97243130068907e-06 1.1817868003472e-05 2.16078156122307e-05 3.32521224121521e-05 4.53436097315027e-05 5.70689457638306e-05 6.66052771384648e-05 7.26987076359552e-05 7.47965205810833e-05 6.93940550041535e-05
2.47839261882869e-05 1.49616146960085e-05 6.95738849298455e-06 8.71175920587351e-07 3.71886513741165e-06 7.74647305696371e-06 1.42502409783145e-05 2.22974631762115e-05 3.00211891733782e-05 3.62107824201372e-05 4.10967074740398e-05 4.39506803209634e-05 4.35173980442873e-05 3.93579930253192e-05
7.34923407007314e-05 4.21886190554267e-05 1.74481923873269e-05 1.90562321210324e-06 8.32938431741756e-06 2.36751440497491e-05 4.27362053147707e-05 6.38166277420837e-05 8.22110262236725e-05 9.73257109785179e-05 0.000109290470150588 0.000118330644001487 0.000120144217591935 0.000113441058676598
4.76709080422783e-05 2.76965838982248e-05 1.13827898713562e-05 1.36294748186445e-06 6.72517031237632e-06 1.61591810049926e-05 3.14742009704799e-05 4.68280820296373e-05 5.82790462776304e-05 6.78386473061916e-05 7.41162824268278e-05 7.82175095894108e-05 7.7819422560332e-05 7.26427411916545e-05
5.13407001939731e-05 3.17379504545177e-05 1.49102185954878e-05 1.82027238908313e-06 7.3486749338756e-06 1.69663378091623e-05 2.81711816783226e-05 4.10269232512218e-05 5.18952266942365e-05 6.10658927695982e-05 6.72177417041175e-05 7.13135781777873e-05 7.25661851542979e-05 6.9501893352966e-05
5.37404157094885e-05 3.33635901804183e-05 1.43466313499313e-05 1.69395946595786e-06 8.02957750787919e-06 2.04481355793799e-05 3.54968716554408e-05 5.24239252491189e-05 6.32126193198226e-05 7.22962790704311e-05 7.79899128969721e-05 8.11832813134655e-05 8.07157073778252e-05 7.62581369475468e-05
3.66834959961644e-05 2.38453989773434e-05 1.20465346822182e-05 1.53623743244209e-06 6.11396533752449e-06 1.34741367700191e-05 2.28494084260583e-05 3.31705240118266e-05 4.06783047641259e-05 4.85302876282936e-05 5.45093215914127e-05 5.83460892623789e-05 5.82827653594088e-05 5.34100020466551e-05
1.85247231274886e-05 1.18476657735222e-05 5.56988193420841e-06 7.12927674503244e-07 3.36120300873494e-06 7.42712547602406e-06 1.38104037104578e-05 2.0470757582067e-05 2.48315509241946e-05 2.81253870463169e-05 2.97621609746337e-05 3.06922076186628e-05 3.0256157733454e-05 2.77429562921949e-05
3.9077994111698e-05 2.21108987879062e-05 7.54655305853139e-06 9.24338458802347e-07 6.13600256760223e-06 1.51659005604043e-05 3.04223508793808e-05 4.60110787312707e-05 5.64929106094898e-05 6.47401507466013e-05 6.97157189929916e-05 7.2336850539096e-05 7.10422970088758e-05 6.41812457318034e-05
3.87240939112873e-05 2.57616603123217e-05 1.32261374040538e-05 1.75691789057935e-06 6.44014257875605e-06 1.33770968636112e-05 2.32412129218361e-05 3.26763013871094e-05 4.03135620961429e-05 4.70793875573175e-05 5.17230482293713e-05 5.45562793427313e-05 5.4979260281135e-05 5.18958122853494e-05
5.43853234585816e-05 3.33383392686825e-05 1.57420836765216e-05 1.82729741638914e-06 7.31219462363772e-06 1.68755220803241e-05 3.07376695756069e-05 4.62372899200285e-05 5.89871643370143e-05 7.05967093890953e-05 7.89069559574076e-05 8.44332854431463e-05 8.47563061609079e-05 7.97482318203451e-05
1.25242550431456e-05 7.45644722027689e-06 3.3365829186252e-06 4.38045461516201e-07 2.07502158963953e-06 4.20317177155413e-06 8.19829927312768e-06 1.26048284731123e-05 1.66004845747886e-05 2.01424718683213e-05 2.1854947272992e-05 2.31315025046545e-05 2.2934076201207e-05 2.05311264830891e-05
4.08613783040195e-05 2.34519479735684e-05 9.56186570719557e-06 1.17464001409914e-06 5.36528735731367e-06 1.17037918098991e-05 2.17162722725488e-05 3.37236764573222e-05 4.56015861903844e-05 5.86058320886933e-05 6.71581284986439e-05 7.30541231976804e-05 7.34005722446637e-05 6.56769883457395e-05
3.29896268386296e-05 2.26026786073075e-05 1.21302192738357e-05 1.53611845556122e-06 5.31993927354926e-06 1.05179779265782e-05 1.7214341162403e-05 2.46193621671333e-05 3.09943133878712e-05 3.65696734274168e-05 4.06580557063987e-05 4.36893784300449e-05 4.47923238046132e-05 4.2908065599911e-05
2.91022436113895e-05 2.00601566726692e-05 1.09380072603162e-05 1.38051760271151e-06 4.61269315260271e-06 8.51077001808523e-06 1.41886971285399e-05 2.04764543581236e-05 2.67836125985782e-05 3.26078197870204e-05 3.68859379511697e-05 4.0175722739816e-05 4.10703563760924e-05 3.89366135345317e-05
4.30021419308025e-05 2.82944715830147e-05 1.46058861798868e-05 1.76375352139165e-06 6.51088351753969e-06 1.32593828413293e-05 2.28337141290394e-05 3.25292000000209e-05 4.1439535253982e-05 4.95300954680849e-05 5.56703629983236e-05 6.02601071042708e-05 6.16440026073014e-05 5.8468935362054e-05
4.08051878098987e-05 2.62012441933481e-05 1.35000456392265e-05 1.69889010134292e-06 5.91741111616535e-06 1.20803739180388e-05 1.97906199305457e-05 2.88807897375919e-05 3.81056502901249e-05 4.75236367052803e-05 5.4496492979772e-05 6.00801230998514e-05 6.18533762372323e-05 5.86703494670761e-05
6.20830537377265e-05 3.32391172555867e-05 1.22249711141029e-05 1.32448517828386e-06 7.46257540709047e-06 2.10173321451932e-05 4.2686387629273e-05 6.43905376622e-05 8.17933637923677e-05 9.56423816150697e-05 0.000106194852467972 0.000113544323609369 0.00011099957221313 0.000102579880812482
5.89624740690615e-05 3.30614627878354e-05 1.18104646123807e-05 1.40610698962012e-06 8.09770090471922e-06 2.440772957667e-05 4.53539002731434e-05 6.218249572597e-05 7.50059040264717e-05 8.47472270806108e-05 9.12086142123298e-05 9.57424976033842e-05 9.44780797738511e-05 8.93242924355406e-05
6.75411219225466e-05 4.00741219139496e-05 1.71670959585651e-05 1.95363358217441e-06 8.18249110020683e-06 2.29930887550811e-05 4.38031392042348e-05 6.17679569618365e-05 7.66909499465223e-05 8.964159386758e-05 9.90060782372701e-05 0.000105921796068247 0.000105074089953742 9.97422467853307e-05
6.94973795987859e-05 4.13929639871936e-05 1.87355486468189e-05 2.06818736217342e-06 8.54433434482559e-06 2.33557024551526e-05 4.10115412774388e-05 6.15222501683037e-05 7.70949383563656e-05 8.99219235854175e-05 9.92715595318761e-05 0.000105841765272755 0.000106778930270045 0.000101886656621875
4.80825424113494e-05 2.92533557160604e-05 1.28148731835212e-05 1.59762943892091e-06 6.99668230934188e-06 1.61680519560172e-05 2.9800044726197e-05 4.29673995635449e-05 5.37942046547249e-05 6.27274161870856e-05 6.84427751316193e-05 7.25547140291954e-05 7.2564914669373e-05 6.82298913281407e-05
3.22266133825566e-05 1.99586368172732e-05 9.3858762190772e-06 1.19135557758426e-06 5.16858399885639e-06 1.1400158666045e-05 2.12833322426868e-05 3.05144995765007e-05 3.72401031346011e-05 4.3385764234171e-05 4.68491728778422e-05 4.94643076439158e-05 4.92734477313818e-05 4.61545946500771e-05
1.9982691027148e-05 1.30854631726313e-05 6.42900537789084e-06 8.29484110758541e-07 3.71880437986813e-06 7.73413840895575e-06 1.37451634100957e-05 1.89609027942718e-05 2.37399755921715e-05 2.78402420699061e-05 3.12465289835436e-05 3.40509933312448e-05 3.38605943235057e-05 3.06627397343948e-05
3.48116560010967e-05 2.15906333036112e-05 8.39612759478855e-06 1.042044361498e-06 6.50747627830414e-06 1.60091035508068e-05 2.88875866929926e-05 4.09438649804815e-05 4.81705978209661e-05 5.3395390010593e-05 5.56117520706855e-05 5.66450527667985e-05 5.52310212391196e-05 5.13295972990399e-05
2.65617571087584e-05 1.78601222458164e-05 9.11090879777045e-06 1.19701931271938e-06 5.02188359565847e-06 9.47156622967865e-06 1.66642768054e-05 2.28972036374775e-05 2.86182698423205e-05 3.44894997012789e-05 3.79728344043425e-05 4.02032113338667e-05 3.98017904015639e-05 3.69736586992929e-05
5.97917508182418e-05 3.62056949609842e-05 1.66709493528813e-05 1.91131700730418e-06 7.64527393740062e-06 1.89931054350108e-05 3.32381094383205e-05 5.01986230657562e-05 6.33964574501139e-05 7.49687845070784e-05 8.35516336848346e-05 8.91167428462409e-05 9.03747841786917e-05 8.58945898723142e-05
4.29280094228915e-05 2.62549483700409e-05 1.28489782459616e-05 1.58738144072332e-06 6.28914415462447e-06 1.41372275878031e-05 2.60680468708781e-05 3.95598770590515e-05 5.0073951322676e-05 5.91126280149949e-05 6.50768860501689e-05 6.89424298832676e-05 6.90864521187395e-05 6.38630255283152e-05
3.43111119669934e-05 2.08632596523005e-05 9.61332945722223e-06 1.20924809289087e-06 5.25959856216875e-06 1.15857161222632e-05 2.26242482739287e-05 3.35841833574073e-05 4.07895957927815e-05 4.72729726531051e-05 5.07944408052568e-05 5.28500996579295e-05 5.27472506590475e-05 4.92593132042704e-05
5.73705470451619e-05 3.39057955805013e-05 1.57369051349433e-05 1.75226062475583e-06 7.1972276847212e-06 1.6331411949735e-05 2.88173549944807e-05 4.30432503305062e-05 5.64540168419891e-05 6.9426208102482e-05 7.9337355942223e-05 8.62560774845188e-05 8.87283377891643e-05 8.37839147375987e-05
3.15390696749827e-05 2.15356263534796e-05 1.13357453515605e-05 1.44744732544839e-06 5.3694017640407e-06 1.12655811294859e-05 1.88632867750947e-05 2.68047777089495e-05 3.24694165856813e-05 3.71500885267753e-05 4.00084875255212e-05 4.20984228668009e-05 4.27834649243893e-05 4.09792378125881e-05
3.4608666851883e-05 2.2631941798155e-05 1.10167444369694e-05 1.4288992544622e-06 6.02044527399838e-06 1.2405008846095e-05 2.18836572072516e-05 3.10434161625916e-05 3.73864860408218e-05 4.3094860959534e-05 4.66832985100024e-05 4.93992667282128e-05 5.01137712566103e-05 4.74708073695433e-05
2.11704809397655e-05 1.25439187036913e-05 6.04002522096712e-06 7.76717297912977e-07 3.13082883927849e-06 6.65511578340988e-06 1.2540206472232e-05 1.97967359585639e-05 2.68684319381682e-05 3.32183802307657e-05 3.71110141532896e-05 4.0464714547257e-05 3.99260880701933e-05 3.57248873395459e-05
1.43370472856815e-05 8.54257991030188e-06 3.72444647146645e-06 4.93452769281248e-07 2.68943113616643e-06 6.4799089482888e-06 1.23636132437231e-05 1.77203827652874e-05 2.08339410553687e-05 2.39570875031986e-05 2.63247077628287e-05 2.85119147280916e-05 2.86385305459685e-05 2.55641984417346e-05
5.14689654497274e-05 3.21589904702758e-05 1.44156089554114e-05 1.72581955332658e-06 8.4458237261326e-06 2.03810839391096e-05 3.70233749385511e-05 5.1925447485385e-05 6.21661129161269e-05 6.94996788054297e-05 7.3761365927846e-05 7.60991993427282e-05 7.53669472278703e-05 7.13374975654764e-05
3.24530810483156e-05 2.1410157666277e-05 1.12435394151264e-05 1.49794621415506e-06 5.46400757897547e-06 1.09321424674089e-05 1.80415479204178e-05 2.68979997472213e-05 3.46920140852018e-05 4.13338966365659e-05 4.48538854931334e-05 4.67059223724375e-05 4.66827610265629e-05 4.38822523455316e-05
3.85029159234963e-05 2.60156106264189e-05 1.37331734614437e-05 1.74207473253917e-06 5.98150135179806e-06 1.19265798642407e-05 2.0052705371538e-05 2.85525724196117e-05 3.54651495486188e-05 4.23128220009451e-05 4.72939248305777e-05 5.10238061673964e-05 5.23923048584242e-05 5.02197500798108e-05
2.05619696152592e-05 1.12920135258509e-05 4.8822704659843e-06 6.31146536453354e-07 3.18595094953552e-06 7.38754384625175e-06 1.41827380895566e-05 2.1003152272577e-05 2.67695372167485e-05 3.40896095697257e-05 3.88905130928603e-05 4.18109716591671e-05 4.15375379234929e-05 3.69926592275248e-05
2.60621565761874e-05 1.67329209616789e-05 7.72855841480913e-06 1.03301939853191e-06 5.19862534651856e-06 1.11630362217403e-05 2.07488548811864e-05 2.95346266494e-05 3.48767770063872e-05 3.89815386396485e-05 4.1145642535041e-05 4.28701620656314e-05 4.18443961285587e-05 3.8412221917134e-05
5.94813220700715e-05 3.53083899650945e-05 1.62515834733126e-05 1.8560740933828e-06 7.42464938526852e-06 1.90443786428439e-05 3.46860346850507e-05 5.38163993207778e-05 6.86399495213671e-05 8.16502976351053e-05 9.06568175215217e-05 9.64757258630161e-05 9.61625738089482e-05 8.96294691950782e-05
2.9245801866708e-05 1.81551041984234e-05 6.80506006609926e-06 9.55698521007623e-07 6.87807240770192e-06 1.77646449396864e-05 2.95389501522507e-05 3.87801667885738e-05 4.21909104367574e-05 4.50442263337379e-05 4.67964534873809e-05 4.93778841345791e-05 4.84692313570252e-05 4.50098328693956e-05
3.99460432692911e-05 2.57225496272781e-05 1.35246773238593e-05 1.77946274077256e-06 5.83225671622332e-06 1.10596758093662e-05 1.95852602572195e-05 2.93224223956796e-05 3.90872840330031e-05 4.79159147539121e-05 5.45391005597853e-05 5.90613473963103e-05 6.04132612277302e-05 5.69410766380437e-05
4.15815381883425e-05 2.78313671283263e-05 1.44317803465683e-05 1.83839420936118e-06 6.64863083495459e-06 1.28418355404692e-05 2.17929125603481e-05 3.10667542407482e-05 3.85707821279015e-05 4.53409792748655e-05 5.02385538732291e-05 5.35292303000656e-05 5.53992700285904e-05 5.35509471245287e-05
4.76593140166914e-05 2.76213911842374e-05 1.23100011921996e-05 1.51665023827207e-06 6.77415842257045e-06 1.66771922499438e-05 3.28106974143223e-05 4.83423155301596e-05 6.15305025939138e-05 7.22211101264818e-05 7.94295311413038e-05 8.33192270513056e-05 8.18749723200531e-05 7.51728395831906e-05
5.18867677870229e-05 3.27945549892466e-05 1.59103833917658e-05 1.85321360593731e-06 7.05979312652763e-06 1.51697316382363e-05 2.62990310498058e-05 3.84433589789803e-05 4.85124765271393e-05 5.87347359332858e-05 6.64158239715038e-05 7.23504482906778e-05 7.48854790334663e-05 7.17607615906314e-05
3.71728788795698e-05 2.49005051061704e-05 1.34235636812627e-05 1.69794428923253e-06 5.5877767049953e-06 1.08543545789115e-05 1.75367491727475e-05 2.53833317812862e-05 3.28819152272029e-05 3.99288064133917e-05 4.54891116131133e-05 5.01199606608132e-05 5.17842547022132e-05 4.96608816018958e-05
2.20519744675332e-05 1.37275149468559e-05 6.04794323964377e-06 7.72680167378789e-07 4.02133116608426e-06 8.42181085115032e-06 1.62219207654101e-05 2.29527076018717e-05 2.79810767123516e-05 3.21838885845841e-05 3.47048057904776e-05 3.61519160387218e-05 3.59057183997882e-05 3.31430518879866e-05
6.96920995178255e-05 4.06338964006069e-05 1.81936623486019e-05 2.02427227937559e-06 8.36106968579185e-06 2.27333921238417e-05 4.05838455195995e-05 5.98895111094209e-05 7.47859215272261e-05 8.78617342538952e-05 9.7423326028706e-05 0.000104494692960483 0.000106723917312748 0.000101140662043415
5.96015699527194e-05 3.6111872345315e-05 1.65181470018377e-05 1.84985540792467e-06 7.91906096705435e-06 2.00004792162557e-05 3.43245576648401e-05 5.1647626246907e-05 6.4708249706031e-05 7.66457161457888e-05 8.50734819842387e-05 9.02794802110794e-05 9.11350618498125e-05 8.63928894190552e-05
5.27626980839721e-05 3.23513278588258e-05 1.50129202735224e-05 1.77978746014828e-06 6.74378655831332e-06 1.4639321805084e-05 2.72590812391486e-05 4.10554016433483e-05 5.24601964944084e-05 6.36101700560902e-05 7.20841762498276e-05 7.77387337682504e-05 8.00679506088861e-05 7.57583385925399e-05
3.24108595497589e-05 2.01093003356777e-05 9.52725339149791e-06 1.26019708849181e-06 5.21962738984723e-06 1.17216174571012e-05 2.19343087179231e-05 3.23813425006925e-05 3.99004132636019e-05 4.66794472671411e-05 5.08731417150557e-05 5.34757112014785e-05 5.31857227027867e-05 4.89234645063678e-05
4.96501459976033e-05 3.230474423236e-05 1.52155097372885e-05 1.79962300661795e-06 7.43184092380548e-06 1.56192727115722e-05 2.78816715224808e-05 4.06345409696822e-05 5.00476946209362e-05 5.84431817267763e-05 6.37236241551503e-05 6.7349897245347e-05 6.8571230815897e-05 6.56690765711341e-05
2.37715256312966e-05 1.43187662412341e-05 6.75764043159431e-06 8.5216774597418e-07 3.67700896484696e-06 7.69338855968314e-06 1.42401298033905e-05 2.16925829433153e-05 2.89944915822701e-05 3.5608030422159e-05 3.93731832742381e-05 4.15117617947636e-05 4.14297506119744e-05 3.74879022022142e-05
4.62113428167226e-05 2.83514128120765e-05 1.37882207146195e-05 1.71870533024513e-06 6.66627293612703e-06 1.43187891264534e-05 2.56055498048234e-05 3.80333748382619e-05 4.94712057546033e-05 6.13976122277105e-05 6.99471279588329e-05 7.67703217908607e-05 7.74695936068552e-05 7.14792946403922e-05
5.2028064158519e-05 3.1387531724816e-05 1.43357418510828e-05 1.72332444256691e-06 6.94699722416315e-06 1.67481519516192e-05 3.1088254158244e-05 4.63026381913899e-05 5.90005345378496e-05 7.00814451051919e-05 7.80357110143165e-05 8.31484684100338e-05 8.39730183910631e-05 7.80633667553854e-05
3.26231948168621e-05 2.08623114428359e-05 9.78843932239748e-06 1.23509780033436e-06 5.222846696372e-06 1.07725591784771e-05 1.87862639079507e-05 2.73778077232064e-05 3.43055703448071e-05 4.03937964227208e-05 4.4612315569523e-05 4.80948184967518e-05 4.87739624325056e-05 4.61289262274229e-05
1.63875845644515e-05 9.10006721396606e-06 3.73836047406058e-06 4.97337960033119e-07 2.71403278156303e-06 6.12935009848725e-06 1.12000660816505e-05 1.72598494890503e-05 2.30657512199848e-05 2.8604804948529e-05 3.13792043584727e-05 3.26479374377188e-05 3.20049436690462e-05 2.82085797542082e-05
1.74076779293591e-05 1.04515144111342e-05 4.07025417255991e-06 5.42078466060103e-07 3.48262456276601e-06 7.7534464948813e-06 1.40469792949e-05 1.92151650480838e-05 2.25548759263436e-05 2.58970433661138e-05 2.83709992700887e-05 3.15922117223437e-05 3.23651108755116e-05 2.97089875809906e-05
4.01775958232142e-05 2.41216471352812e-05 1.13592324040232e-05 1.40279874131048e-06 5.8454291204242e-06 1.28104942316183e-05 2.49977395894584e-05 3.78148502059425e-05 4.79384238234753e-05 5.7297790330537e-05 6.38337277130703e-05 6.78483185089979e-05 6.74785775578029e-05 6.24832844990882e-05
3.24115726197717e-05 1.96439976234838e-05 8.2775278823788e-06 1.03459362683389e-06 4.87268075053296e-06 1.09200296068474e-05 1.9960137141758e-05 2.9796782860402e-05 3.71991092166892e-05 4.44773093802803e-05 4.9227161888288e-05 5.25016624696257e-05 5.29828050651598e-05 4.91924428973091e-05
3.45243996534766e-05 2.16285112447605e-05 1.0998609963333e-05 1.42902835541053e-06 5.08117132399055e-06 1.0318003142318e-05 1.75053861034237e-05 2.65471674239267e-05 3.56440838291172e-05 4.42070944192126e-05 5.03297954881329e-05 5.47135264450046e-05 5.55314599576005e-05 5.14766070306663e-05
3.11690683927581e-05 1.88976968696309e-05 7.02309096024427e-06 9.3588653162506e-07 6.31625129532257e-06 1.49631654375779e-05 2.6415962481319e-05 3.78298057098312e-05 4.32223228207248e-05 4.94236141741979e-05 5.3697043149027e-05 5.8098782766487e-05 6.01493408310617e-05 5.50547825700213e-05
5.39339102275139e-05 3.42612137809121e-05 1.47630846592746e-05 1.76199713936624e-06 8.49842237937544e-06 2.13544783973517e-05 3.8068360067753e-05 5.15448965595111e-05 6.10243625041561e-05 6.90804127964253e-05 7.43937812082671e-05 7.73454476477039e-05 7.78408277393395e-05 7.45967332359134e-05
5.66531881043339e-05 3.52671015510548e-05 1.6310995443577e-05 2.00354891723024e-06 7.78976703673836e-06 1.8126058830393e-05 3.09074811099524e-05 4.63692983774179e-05 5.7890402995316e-05 6.84537203311539e-05 7.6056457281933e-05 8.07940768891867e-05 8.28207969402575e-05 7.8745822638614e-05
6.9698914583646e-05 4.10373653490737e-05 1.88942875788795e-05 2.06685795861165e-06 8.39431176833147e-06 2.31620391156388e-05 4.04577568522821e-05 6.13514685588484e-05 7.80198276819056e-05 9.1888758232163e-05 0.000101807080868691 0.000108729564644194 0.000109087903366009 0.000102080210605504
4.65675249637512e-05 2.7709259764704e-05 1.14010988926936e-05 1.49889700283607e-06 6.98073648473473e-06 1.60569464329609e-05 2.95655732433915e-05 4.39169720520734e-05 5.45519061510953e-05 6.37431920509753e-05 6.98223921936521e-05 7.37939421831055e-05 7.36578629578952e-05 6.93488713811029e-05
4.18706698282326e-05 2.49620622547458e-05 1.14752796155149e-05 1.4212271281664e-06 6.01722870497177e-06 1.29902580483718e-05 2.47395337132278e-05 3.70364030910339e-05 4.7105602466388e-05 5.60816780091175e-05 6.2700010758868e-05 6.78312277409125e-05 6.83712673397753e-05 6.37223577280083e-05
2.49914840290108e-05 1.63013669224106e-05 8.36546770852326e-06 1.11326667165271e-06 4.60357370350655e-06 9.08280072432034e-06 1.63807446951657e-05 2.34786104377285e-05 3.02089605692589e-05 3.59793030860479e-05 3.86269793360723e-05 3.94048308729494e-05 3.82474567759496e-05 3.5634252648086e-05
2.98349965906454e-05 1.77862107229672e-05 8.4384827907558e-06 1.07207805249239e-06 4.26499482944458e-06 8.56571920846872e-06 1.56568210440633e-05 2.4180571819244e-05 3.33393917029796e-05 4.1595632448748e-05 4.72848369658597e-05 5.1824188355284e-05 5.22432326581376e-05 4.76638048807303e-05
1.37999801471321e-05 8.07776325266694e-06 3.54557121890565e-06 4.504661217919e-07 2.08613606294784e-06 4.47663133311434e-06 8.72078736786137e-06 1.41967827286488e-05 1.89197302924229e-05 2.32070419613396e-05 2.5781742938506e-05 2.70960324529132e-05 2.62402199614974e-05 2.32211808528632e-05
3.55509913013305e-05 2.16779756390758e-05 9.79755680462355e-06 1.24300660620241e-06 5.88221285073101e-06 1.31114520971465e-05 2.35931548196083e-05 3.4316771389353e-05 4.20702213398783e-05 4.88812996325912e-05 5.31894819095227e-05 5.63560605377934e-05 5.67198854373571e-05 5.2841309984929e-05
9.87108045030973e-06 6.72782747146946e-06 3.31097985918172e-06 4.5632814294104e-07 1.88621010869055e-06 3.59316346476281e-06 6.93243107384077e-06 1.04139567246753e-05 1.32201794042227e-05 1.4620310119707e-05 1.50583553169413e-05 1.49103753310514e-05 1.41983763226431e-05 1.31383250200503e-05
3.72656910028412e-05 2.13933818025823e-05 8.46536233338043e-06 1.08677755592356e-06 5.95746059670791e-06 1.34498536877435e-05 2.64094877446267e-05 3.64825432568115e-05 4.49071209695898e-05 5.48307127855909e-05 6.25548603040943e-05 6.87459344987052e-05 6.89813317490182e-05 6.25146419700553e-05
5.24244482155876e-05 3.3315194590938e-05 1.58319117156627e-05 1.98227359970961e-06 7.83291529187935e-06 1.71121310544475e-05 2.90320294901749e-05 4.16012487710357e-05 5.11592905289001e-05 6.06428130393632e-05 6.68834490391568e-05 7.05416106225739e-05 7.12812408290641e-05 6.96004255963153e-05
5.08873839512676e-05 3.12868271679381e-05 1.42782561545159e-05 1.66045495641908e-06 7.07028560872796e-06 1.57916513546239e-05 2.91272938898421e-05 4.29077431648385e-05 5.35625239323868e-05 6.34999098156912e-05 7.07078906680686e-05 7.55968917898151e-05 7.64366269853234e-05 7.29200975502712e-05
3.3310880280863e-05 2.00634876193155e-05 8.72281455760707e-06 1.0856933780911e-06 5.74822833981106e-06 1.30550829654885e-05 2.42102383098897e-05 3.51795567737295e-05 4.27927738213848e-05 4.8713061011285e-05 5.18974637631918e-05 5.41438244555652e-05 5.27544176383277e-05 4.93575969734153e-05
4.39670649528966e-05 2.83916733779435e-05 1.40598125315329e-05 1.79221926621343e-06 7.3499114030037e-06 1.55740255278891e-05 2.748299228253e-05 3.87584642779099e-05 4.69842731344523e-05 5.39944456741904e-05 5.81871739017332e-05 6.10882953408984e-05 6.16424366116654e-05 5.86012014936901e-05
4.77961310356776e-05 2.57472043863383e-05 7.99587916449091e-06 9.60449885336411e-07 6.95936782308284e-06 1.94719597043984e-05 4.00844091712784e-05 5.80528354517398e-05 7.07801455371535e-05 7.95335207324794e-05 8.54263616687785e-05 8.80048654867218e-05 8.70515252338792e-05 7.97085237707109e-05
2.93161685775071e-05 1.82067351905145e-05 8.48236501543148e-06 1.09751181351806e-06 4.90589851220177e-06 1.03230694464436e-05 1.96360541497356e-05 2.81623933029913e-05 3.44934512285778e-05 4.07313240836641e-05 4.49454742585413e-05 4.81054704242554e-05 4.84501907511365e-05 4.47857189801263e-05
2.74182410905462e-05 1.75877012427696e-05 7.67003241894701e-06 9.54420407462282e-07 4.85543361071058e-06 1.06511993580833e-05 1.90736117193895e-05 2.74297791134263e-05 3.31558929683764e-05 3.72019938155067e-05 3.93679729661373e-05 4.06333978079611e-05 4.04337638700514e-05 3.79608994351955e-05
6.32590513866935e-05 3.76680007573238e-05 1.66639433129699e-05 1.90953843186325e-06 7.54367428279347e-06 1.89862494352699e-05 3.29969504591505e-05 5.02063011181169e-05 6.48241795412756e-05 7.82714373737763e-05 8.8457676691198e-05 9.55163251461878e-05 9.68713063757592e-05 9.22045775722265e-05
1.6427655970073e-05 9.26759209473758e-06 4.17490386771138e-06 5.8766349477043e-07 2.91939824535944e-06 6.82410693896598e-06 1.30729757049872e-05 1.91086270261371e-05 2.48144279649606e-05 2.91862887528793e-05 3.22235684389462e-05 3.31162993367899e-05 3.17617532839836e-05 2.80858556852808e-05
2.21456262685725e-05 1.2624880536368e-05 4.93310060943086e-06 6.29826097019589e-07 3.81857421363235e-06 1.00003555723061e-05 1.98415447886767e-05 3.06374105009722e-05 3.76604969158317e-05 4.18499238272264e-05 4.38236219549581e-05 4.47660043618054e-05 4.22242476643818e-05 3.75968387671303e-05
3.51622662857496e-05 1.94574175524325e-05 6.44137032818805e-06 7.78452862079335e-07 5.52929633176309e-06 1.39014301089878e-05 2.76422997149429e-05 4.0472207164995e-05 4.95189194004195e-05 5.67112466655491e-05 6.10603224773444e-05 6.3177446946739e-05 6.24148261598939e-05 5.69465295626408e-05
4.18037465898982e-05 2.76051683119858e-05 1.46229841008273e-05 1.77423130944373e-06 6.12378590872261e-06 1.15518050013826e-05 1.9667607433984e-05 2.79663668521459e-05 3.60648275330858e-05 4.41555897641209e-05 5.04456625925933e-05 5.57351512037257e-05 5.7874469757401e-05 5.57374605932236e-05
3.92631912841844e-05 2.44014203059806e-05 1.1658866273136e-05 1.46359489793156e-06 6.19793480106987e-06 1.31931288154032e-05 2.46033522927826e-05 3.58321767523107e-05 4.4743083125307e-05 5.28104681054785e-05 5.79762880619637e-05 6.14311874075635e-05 6.17067815764108e-05 5.73652407825711e-05
6.2104732507842e-05 3.82691583850561e-05 1.65976168938036e-05 2.03614834449493e-06 8.44877681974277e-06 2.17109045127002e-05 3.86568848268172e-05 5.4515065322646e-05 6.75615217893565e-05 7.89207819102239e-05 8.70899944303636e-05 9.30684726936478e-05 9.48641428489104e-05 8.94493915613625e-05
3.34716943645372e-05 2.09919202829479e-05 1.02342084627146e-05 1.29206517144086e-06 5.26761962563855e-06 1.10605279610099e-05 2.12012077934857e-05 3.18495269460722e-05 4.01924746763717e-05 4.67257807211018e-05 5.10505933477211e-05 5.38645246901904e-05 5.38516765843951e-05 4.97509292543735e-05
4.711605010457e-05 2.78634709940475e-05 1.08930160535915e-05 1.32107694834064e-06 6.94317631007302e-06 1.72946920924838e-05 3.34028896285336e-05 4.85564907756459e-05 6.04413732981229e-05 6.91636311981277e-05 7.4607031915005e-05 7.73247130487442e-05 7.67927210857709e-05 7.08992941550961e-05
2.96695997932487e-05 1.87908147066177e-05 9.19858215033304e-06 1.16589721855597e-06 4.6119514916508e-06 1.0222002929328e-05 1.79474431605383e-05 2.58996938479844e-05 3.27565035064524e-05 3.8784242151748e-05 4.29601713503624e-05 4.63959681191178e-05 4.66261353333775e-05 4.35254418910452e-05
2.85629765506951e-05 1.80076474465824e-05 8.7531319690104e-06 1.11238233291588e-06 5.16138096166121e-06 1.15546287268519e-05 1.98570232707836e-05 2.83669990429967e-05 3.47598417982017e-05 4.26672677880031e-05 4.84795178961113e-05 5.22233796489136e-05 5.19911486591595e-05 4.69480694335823e-05
3.45302877363289e-05 2.28325456193801e-05 1.15027239927621e-05 1.532429321113e-06 5.95089889988542e-06 1.2460437085575e-05 2.34265640216908e-05 3.38369872443086e-05 4.05643793152371e-05 4.56411074362107e-05 4.84196328341718e-05 4.95458871755283e-05 4.98165044461217e-05 4.68788224484458e-05
3.48372035606037e-05 1.85545708643692e-05 6.48086181988995e-06 8.01381497887984e-07 4.96360910284523e-06 1.31179014193664e-05 2.29574734903801e-05 3.54538286009382e-05 4.70381653291597e-05 5.94809198392196e-05 6.90736315486422e-05 7.40854134028688e-05 7.34588633614524e-05 6.66607838730159e-05
4.05394889922167e-05 2.70068068307277e-05 1.44249372981573e-05 1.74585730411271e-06 6.26934077330008e-06 1.14853390571125e-05 1.98741789191077e-05 2.85916537768446e-05 3.69394628319863e-05 4.48216214631745e-05 5.07052869561923e-05 5.50238561737219e-05 5.64388251184175e-05 5.37253482817255e-05
2.0248817523074e-05 1.27739925385099e-05 5.74887982561031e-06 7.45936483301436e-07 3.93011828060252e-06 9.14331379659252e-06 1.63597343708271e-05 2.37685647823063e-05 2.83491114565169e-05 3.12841725098901e-05 3.29704554529094e-05 3.39798286047061e-05 3.34118080350606e-05 3.058234832244e-05
3.12896563868182e-05 1.9278594648129e-05 9.69218496950203e-06 1.2314252664723e-06 4.86712058150546e-06 9.5339756495691e-06 1.75048637633588e-05 2.63243828836323e-05 3.51861702826311e-05 4.32921159894054e-05 4.95255961228892e-05 5.33657024127972e-05 5.37073366216245e-05 4.93191399043725e-05
2.60266886059312e-05 1.83974314813441e-05 9.51219789158287e-06 1.24955694177435e-06 5.2938527970602e-06 1.05266549780132e-05 1.7972517025497e-05 2.34732733868735e-05 2.72853659341679e-05 3.0105541678815e-05 3.15402146072272e-05 3.27157407750632e-05 3.32010965980072e-05 3.21678981378897e-05
2.29492499504926e-05 1.41505302900351e-05 6.91993572280409e-06 8.71866535419141e-07 3.67346398874414e-06 7.56641669412696e-06 1.36614249205521e-05 1.97323301588575e-05 2.66088714707253e-05 3.24222017900387e-05 3.65989466103484e-05 3.87242383116446e-05 3.86597837281375e-05 3.53623901211317e-05
2.98474367064903e-05 1.74297205563408e-05 8.13012486484972e-06 1.01573363773932e-06 4.42134643682792e-06 8.74921056308319e-06 1.62591971859684e-05 2.38234846918156e-05 3.30868155905965e-05 4.10944756824034e-05 4.76691325931124e-05 5.17376557478672e-05 5.23418083498362e-05 4.78290655398844e-05
4.18680437983226e-05 2.81550036276872e-05 1.31528868772155e-05 1.68648724518351e-06 7.20777829036998e-06 1.64196162267952e-05 2.86716813033166e-05 3.9512342815391e-05 4.32009044563403e-05 4.5864466813191e-05 4.69214567533256e-05 4.80900617998362e-05 4.90086880897647e-05 4.84242920142274e-05
4.68293658475668e-05 3.05213524041045e-05 1.54080984952184e-05 1.92375049863294e-06 6.97893783261186e-06 1.45134410176692e-05 2.4058823441221e-05 3.48635806577853e-05 4.48921491116736e-05 5.45913787919354e-05 6.17138977028924e-05 6.71830625283388e-05 6.88114581635139e-05 6.49773207763826e-05
1.86175919380322e-05 1.22471314803336e-05 6.24699767856739e-06 8.01673534033174e-07 3.20592209571079e-06 6.41128331260442e-06 1.11857942758724e-05 1.60180003616603e-05 2.10912199149968e-05 2.49988389827701e-05 2.71833128666363e-05 2.86273744733945e-05 2.84101711418689e-05 2.63051798757476e-05
2.69674367081594e-05 1.67193442505191e-05 6.55512752819859e-06 8.42776505634789e-07 5.47931389241814e-06 1.27684629953529e-05 2.41835258383777e-05 3.39918751348285e-05 3.87071774835195e-05 4.25529177555537e-05 4.43920191028112e-05 4.58579483520885e-05 4.50525055633843e-05 4.14967054017805e-05
4.27681626804037e-05 2.80005071983231e-05 1.46599019523359e-05 1.76910636364459e-06 6.26066943628637e-06 1.25801589461792e-05 2.19849902119906e-05 3.1495695670269e-05 4.04503051105219e-05 4.87048929691543e-05 5.49857921987639e-05 5.94131154925906e-05 6.08720561060051e-05 5.78225751089235e-05
5.346003356812e-05 3.15380658700129e-05 1.39355169907548e-05 1.69013292639086e-06 6.58183030974447e-06 1.42716235767812e-05 2.59600121975275e-05 4.05292724686017e-05 5.38261384747109e-05 6.60646323423274e-05 7.57362124030825e-05 8.30880236538266e-05 8.47027883484029e-05 7.9085581055286e-05
2.82132107372601e-05 1.80614177541923e-05 7.35709666671859e-06 9.93508548870764e-07 6.11132483946925e-06 1.51311366452861e-05 2.70098568659428e-05 3.59369566940028e-05 3.69039662477798e-05 3.55292564875655e-05 3.2868468144756e-05 3.13275394169616e-05 3.08579023405289e-05 3.04211533724804e-05
3.4672831379904e-05 2.24722045214802e-05 1.08858079851239e-05 1.37958448847986e-06 5.61104295424609e-06 1.10786971482389e-05 1.97209680876026e-05 2.77587711578865e-05 3.49165779997416e-05 4.12399482745784e-05 4.56476264135054e-05 4.89245892233786e-05 5.00579140096074e-05 4.7657648605617e-05
5.17451534087782e-05 3.1100767338386e-05 1.45499227596676e-05 1.67297377676592e-06 6.95148471661799e-06 1.62425683707112e-05 2.98115916931652e-05 4.5705176409944e-05 5.90509223365961e-05 7.06954187766181e-05 7.92086845348676e-05 8.4369822820204e-05 8.52798205194171e-05 7.88192929977997e-05
5.18148974100066e-05 2.9414884937798e-05 1.24528113929589e-05 1.48399446413929e-06 6.35194489005583e-06 1.48040872305058e-05 2.73891658042527e-05 4.13718641314348e-05 5.45906464155235e-05 6.69284056821566e-05 7.69051795440097e-05 8.40023247680369e-05 8.57095059880705e-05 8.01879003196566e-05
4.00126258635231e-05 2.32105560563372e-05 8.56675709287264e-06 1.07785547353983e-06 6.65177667382868e-06 1.62373507659729e-05 3.12151097460668e-05 4.39259033986756e-05 5.08065554111812e-05 5.7645895392034e-05 6.25301785509364e-05 6.71368803417797e-05 6.75632607362408e-05 6.32080520611722e-05
1.59490694890402e-05 9.77557624504332e-06 4.65253459978239e-06 6.08421876572726e-07 2.68591648124837e-06 5.63732353009551e-06 9.53376196618965e-06 1.36664584537645e-05 1.84672511200322e-05 2.23492132632239e-05 2.51430534560979e-05 2.67695124806297e-05 2.67547925524263e-05 2.4519739874965e-05
4.85022158466234e-05 3.12761938129157e-05 1.50712684872667e-05 1.9033231322718e-06 7.09151291956706e-06 1.5272163734468e-05 2.63956695941718e-05 3.85974692140612e-05 4.88446351860572e-05 5.78058228987321e-05 6.43277069613586e-05 6.92428602699069e-05 7.07484535698675e-05 6.71179184493041e-05
3.11339377260252e-05 1.82779381666847e-05 7.55915808771223e-06 9.54486883956662e-07 5.2130436318913e-06 1.11466366158024e-05 2.12253093791947e-05 2.95296207788932e-05 3.55083122060074e-05 4.27004795656007e-05 4.81078972182129e-05 5.35356953237001e-05 5.53275457164346e-05 5.13984910959075e-05
4.6908351654188e-05 3.0415217898119e-05 1.52319782842744e-05 1.8082215510189e-06 6.61094783036072e-06 1.34508348528913e-05 2.25730688316001e-05 3.32501494249527e-05 4.32642582310206e-05 5.32027285980003e-05 6.07876870242464e-05 6.63133450420296e-05 6.86349557560043e-05 6.50598021495855e-05
2.39089256932833e-05 1.50036852578165e-05 7.09041198309402e-06 9.57333194686329e-07 4.37773765261346e-06 1.02916376695737e-05 2.01453551792233e-05 2.95104316519644e-05 3.56120496617842e-05 4.0234615357401e-05 4.27063687314603e-05 4.38488112805395e-05 4.22765282216857e-05 3.81248716128457e-05
4.89500438799301e-05 3.10191985245574e-05 1.53890631450652e-05 1.81894491163794e-06 6.60508493953853e-06 1.29387286940761e-05 2.23894251938143e-05 3.2880254816819e-05 4.31843898096177e-05 5.31227115286396e-05 6.07894364867851e-05 6.69685082473916e-05 6.99050209522794e-05 6.73219628339345e-05
4.5710935545566e-05 2.82072857379947e-05 1.32779387451845e-05 1.71305576833139e-06 6.44400455166773e-06 1.27560735769453e-05 2.38061463776887e-05 3.51175945254534e-05 4.46405719154103e-05 5.48493106025145e-05 6.24461725333942e-05 6.87442193781723e-05 7.12716660349913e-05 6.74642246806215e-05
2.47687252759427e-05 1.61805790179788e-05 7.12051917191366e-06 9.3289409388746e-07 4.77309807599354e-06 1.08116311985897e-05 1.9292803632328e-05 2.59138984760026e-05 3.07001207655748e-05 3.39872134089818e-05 3.54982525879965e-05 3.64148830496237e-05 3.61291886736975e-05 3.39650210189025e-05
2.53265725317116e-05 1.61605383494007e-05 7.75849150809015e-06 9.75861324416956e-07 4.40420510089342e-06 9.36957663309447e-06 1.76018531432383e-05 2.55148256085461e-05 3.11106634012993e-05 3.6149845257752e-05 3.94772104427648e-05 4.18666461407146e-05 4.18541015914918e-05 3.84274257941361e-05
1.91882389588673e-05 1.13541518176968e-05 5.59182977544235e-06 7.66946978323095e-07 3.33196529052821e-06 7.51960584578726e-06 1.39755890921772e-05 2.04546528855212e-05 2.56318052225158e-05 3.14477537709861e-05 3.51753815371901e-05 3.73071652872074e-05 3.69358235757096e-05 3.30888994357674e-05
4.47794198258471e-05 2.77550301971681e-05 1.29747244334685e-05 1.6156369598994e-06 6.95327345843652e-06 1.59406994313266e-05 2.77842888542404e-05 4.04652787791179e-05 5.04767620035459e-05 5.86006094862223e-05 6.40321125284915e-05 6.77857574613741e-05 6.84568918593387e-05 6.43336266238834e-05
2.33073843119074e-05 1.3372094105434e-05 5.97769437818328e-06 7.42159482982774e-07 3.19224679281633e-06 6.38722749761907e-06 1.15802006435734e-05 1.75832550617747e-05 2.46616608568337e-05 3.15446492296465e-05 3.72692575239667e-05 4.10078075967798e-05 4.17298635420044e-05 3.82800806298144e-05
4.13165053344735e-05 2.65259307814977e-05 1.32677710651767e-05 1.72282635572218e-06 6.17332337070229e-06 1.19186047341827e-05 2.16275944147273e-05 3.11471105570367e-05 3.99612263489333e-05 4.75681769738821e-05 5.34424233960914e-05 5.77130682473638e-05 5.94405444141608e-05 5.67462929567652e-05
3.10093626816901e-05 1.63467356420276e-05 5.84853753922333e-06 7.16588978308014e-07 4.67133162942401e-06 1.21581413983204e-05 2.39739424039028e-05 3.67607093598616e-05 4.62541056858582e-05 5.4493996528761e-05 5.99488832778789e-05 6.32690354769546e-05 6.19428270063811e-05 5.50716989467576e-05
2.46328722992694e-05 1.45481838897441e-05 6.10945503135951e-06 7.6404683823472e-07 3.9906653035187e-06 9.49528587381835e-06 1.82306070062742e-05 2.62007429230546e-05 3.2045458404e-05 3.70889372581445e-05 4.02297086863029e-05 4.28655091021402e-05 4.24376851607426e-05 3.90477234478461e-05
3.6226756124033e-05 2.21842632677694e-05 8.39796084454324e-06 1.03482371379607e-06 6.79471940905326e-06 1.58038909544553e-05 3.0878497709353e-05 4.42159825436166e-05 5.2749058439152e-05 5.78070824569382e-05 5.978059902538e-05 6.09528510264613e-05 5.89074328546321e-05 5.39796647658048e-05
2.98479196647491e-05 1.70551812052234e-05 7.35856994606472e-06 8.75491828077703e-07 3.69278673423929e-06 7.45856390722859e-06 1.35492233594356e-05 2.10315724577392e-05 2.91734966576208e-05 3.68591494471134e-05 4.29206961101993e-05 4.80868258007646e-05 4.9886351074713e-05 4.67600766374364e-05
1.6299247325485e-05 1.17649775878535e-05 6.57644055503855e-06 8.8188789787298e-07 2.85995544046877e-06 4.99425229906522e-06 8.44102676457962e-06 1.25105129696303e-05 1.59467231559266e-05 1.87003531633662e-05 2.02887787519198e-05 2.12623037508713e-05 2.15429347327954e-05 2.06300685457677e-05
6.09622923094317e-05 3.49536632093445e-05 1.53572047383994e-05 1.6791461277081e-06 7.26509906544076e-06 1.78181174578225e-05 3.20494564134103e-05 4.83331477930891e-05 6.42081223017305e-05 7.9599878069563e-05 9.21300095515983e-05 0.00010025251619745 0.000101268972305604 9.36511511384521e-05
3.47093875249156e-05 2.31960614863041e-05 1.09106319895812e-05 1.40562119268896e-06 6.31739978428986e-06 1.35406209319827e-05 2.35687083011444e-05 3.35761702793396e-05 3.9842667966029e-05 4.48911078945808e-05 4.75026202762581e-05 4.83487027620221e-05 4.87191675883776e-05 4.63776595923515e-05
4.17516114029189e-05 2.76305863625633e-05 1.39494810110053e-05 1.70890752146612e-06 6.80446615711947e-06 1.46946043190371e-05 2.60216096101685e-05 3.7770348222279e-05 4.52634723113682e-05 5.1447719158529e-05 5.52009258964446e-05 5.70268397585747e-05 5.78618891259249e-05 5.51414377226208e-05
5.52765974742236e-05 3.43672040470517e-05 1.58431312697184e-05 1.91181706801612e-06 7.87324015699013e-06 1.78718686551082e-05 3.16616640824616e-05 4.5101788319047e-05 5.67232802349473e-05 6.69999996427559e-05 7.50497531243023e-05 8.14098520679326e-05 8.35537789656812e-05 7.94612253698932e-05
4.28254617646348e-05 2.60264287220632e-05 1.17854623164465e-05 1.48298698699585e-06 6.70456833783092e-06 1.64815684457475e-05 2.97696160694288e-05 4.41361451886454e-05 5.41573081920879e-05 6.23334900527772e-05 6.7326104606101e-05 7.03142224113582e-05 6.9152811107137e-05 6.41363546406101e-05
4.46303326235491e-05 2.6702714279973e-05 1.20295291221864e-05 1.4985840681272e-06 6.40204306497746e-06 1.48327960878395e-05 2.69769928559267e-05 3.9897941282156e-05 5.05868365603792e-05 5.96393460886184e-05 6.61232776077301e-05 7.07286283544596e-05 7.09672495829278e-05 6.68299786906071e-05
3.84475774203626e-05 2.46990917937308e-05 1.22479986767911e-05 1.59219810441535e-06 5.67882943279463e-06 1.14946981078909e-05 1.98610227036277e-05 2.86151199699655e-05 3.63604409304218e-05 4.37142850639602e-05 4.92589107131231e-05 5.36306921336451e-05 5.54286098403745e-05 5.30063225624952e-05
1.88096363839557e-05 1.05231041675724e-05 4.58008592816436e-06 6.08979373168928e-07 3.21593835226504e-06 7.63573134235002e-06 1.43399405733461e-05 2.03621375256689e-05 2.64210031254227e-05 3.15537947963428e-05 3.51646390513957e-05 3.68544524848152e-05 3.57572784330659e-05 3.17756795804856e-05
5.39160995315925e-05 3.10920229935836e-05 1.13555384639466e-05 1.45284687958581e-06 7.58251517224587e-06 2.10102099443319e-05 3.89570029357868e-05 5.710565080848e-05 7.11026294425128e-05 8.10152685706865e-05 8.74984341064163e-05 9.07400734621645e-05 8.97741492335234e-05 8.2576299804587e-05
5.44464112015614e-05 3.04218498886053e-05 1.09289416001968e-05 1.30557150958544e-06 7.32266324264714e-06 2.13338184627011e-05 4.02479094600268e-05 5.91291732592479e-05 7.24771650973852e-05 8.32112058638672e-05 9.05816521044285e-05 9.4433390286572e-05 9.36935229461443e-05 8.67679214583813e-05
2.78200926181457e-05 2.0577895438398e-05 9.40993752719422e-06 1.28242389684548e-06 7.47970696166952e-06 1.7382104593056e-05 3.00720681034386e-05 3.98055468129098e-05 4.17680755683214e-05 4.14580783547819e-05 3.797952846816e-05 3.50380617620045e-05 3.31289928502357e-05 3.17118796808355e-05
2.13942850835641e-05 1.26752089918911e-05 5.38657179393646e-06 6.97294762814075e-07 4.01522007029738e-06 9.08260147998247e-06 1.6225504888659e-05 2.2772470909408e-05 2.68453508677821e-05 3.24253176623494e-05 3.66709488080832e-05 4.11863586551431e-05 4.15704369118371e-05 3.76476010103157e-05
4.71060902319539e-05 2.91333117773418e-05 1.39210672745421e-05 1.774432995358e-06 6.59290652691299e-06 1.3324875798425e-05 2.4274234538392e-05 3.57258574016927e-05 4.59488387677123e-05 5.5678470784475e-05 6.29385125711504e-05 6.8360853190562e-05 6.99725192330506e-05 6.6153978545797e-05
4.19151280238452e-05 2.52548437993852e-05 1.15962444691883e-05 1.42744873837587e-06 5.68638797602631e-06 1.11049159226483e-05 2.11947763850953e-05 3.10546994329071e-05 4.14101149407633e-05 5.00125068103285e-05 5.65956286170129e-05 6.16108763283389e-05 6.35518286097354e-05 6.02341666306173e-05
2.91721387079888e-05 1.81262742129688e-05 6.77549149253232e-06 8.91895272311862e-07 6.4922167737125e-06 1.58041242402107e-05 2.91343799568594e-05 4.10645330837223e-05 4.63189221462471e-05 4.95612342638896e-05 5.03999979505581e-05 5.00301857730386e-05 4.8811269381087e-05 4.47069177893561e-05
5.01956368333155e-05 3.20959498329519e-05 1.56149689496231e-05 1.85148959587132e-06 7.28325781493364e-06 1.5725741128461e-05 2.71320248560701e-05 3.99730619673014e-05 4.97557861562698e-05 5.93069441915767e-05 6.59635850717174e-05 7.09896482846692e-05 7.27931667811142e-05 6.92385152356667e-05
2.12979218394456e-05 1.26223296592289e-05 5.32606026062887e-06 6.96667281220226e-07 3.89920345090977e-06 9.4650826664968e-06 1.90934172892642e-05 2.86411210088362e-05 3.44651257469188e-05 3.81721831641707e-05 3.98733041910696e-05 4.03026318178425e-05 3.84455719173175e-05 3.46050395120982e-05
5.37198965245845e-05 3.14934993423814e-05 1.41411151709358e-05 1.70938014011874e-06 6.98430962517248e-06 1.44007819340287e-05 2.66761572902847e-05 4.05641235252634e-05 5.27012319966609e-05 6.49273687918528e-05 7.49731180776014e-05 8.17064857311226e-05 8.44146146654951e-05 7.97702217350378e-05
3.50351688074761e-05 2.24358220210021e-05 1.09966099330594e-05 1.40717646875344e-06 5.93002874456891e-06 1.25914057283329e-05 2.26345855652099e-05 3.22194389119588e-05 3.97898520119273e-05 4.6466223614878e-05 5.11346347723317e-05 5.47847165552325e-05 5.51918108572287e-05 5.10815180540408e-05
3.52011023599592e-05 2.11898056269597e-05 9.38887110485537e-06 1.23622814253564e-06 5.50922148546325e-06 1.13942230345331e-05 2.13747105891329e-05 3.14493523329494e-05 3.92989667396203e-05 4.66887277572204e-05 5.16650299743191e-05 5.52469292092783e-05 5.6048207696844e-05 5.24618847624696e-05
2.45417096411042e-05 1.53566059489686e-05 6.93439856184079e-06 8.8434185151101e-07 4.4846523262954e-06 1.06228425769151e-05 2.03503803363837e-05 2.95528242913439e-05 3.5070784383317e-05 3.90177370570609e-05 4.08379365168021e-05 4.19494367572534e-05 4.12135458439863e-05 3.75867084365968e-05
4.25735136379123e-05 2.75877996700352e-05 1.36801765192687e-05 1.74525251664902e-06 6.79523803408365e-06 1.495737823841e-05 2.58078765222558e-05 3.70049978609777e-05 4.52040884416651e-05 5.27607083872596e-05 5.80735004056745e-05 6.13191134378981e-05 6.23565764624184e-05 5.87154775760736e-05
4.3302991403702e-05 2.78304530142906e-05 1.40934155891853e-05 1.70806010684625e-06 6.58455846626114e-06 1.42219609852508e-05 2.55637395305584e-05 3.74917479527144e-05 4.64415909540769e-05 5.38882970003528e-05 5.89563585306495e-05 6.19316149055551e-05 6.30813316178943e-05 5.95920996418857e-05
5.72119898503798e-05 3.57428045908713e-05 1.65776620127437e-05 1.94576992867536e-06 8.20976105003269e-06 1.92495392285675e-05 3.39574588269992e-05 4.89984351522249e-05 6.02730085028418e-05 6.96596552851266e-05 7.63090058363613e-05 8.03445138773162e-05 8.21038899845807e-05 7.81519403847497e-05
2.34991372125549e-05 1.51850972512139e-05 7.44438057492111e-06 9.75513313941425e-07 4.11324138435455e-06 8.94734111449536e-06 1.62599197952648e-05 2.35026394812923e-05 2.86845104939925e-05 3.37063171988329e-05 3.72753498142235e-05 4.00021368005693e-05 4.00324772435894e-05 3.62931310395904e-05
2.67563830812537e-05 1.52348701236857e-05 6.44978239792382e-06 7.99858235425903e-07 3.734186090732e-06 7.8101989173993e-06 1.38948008711679e-05 2.02840906989986e-05 2.70877489204649e-05 3.35346217972662e-05 3.92192056013746e-05 4.31196843996027e-05 4.39892513317098e-05 4.15268266360352e-05
5.12399207041284e-05 3.12413675572277e-05 1.1759617719112e-05 1.49521720851004e-06 8.16950293646595e-06 2.19628276563783e-05 4.24081404364931e-05 5.97603149818618e-05 7.03247186552771e-05 7.81955672075444e-05 8.26691902594972e-05 8.45377883543276e-05 8.24377878052027e-05 7.65323856057695e-05
4.55395416622903e-05 2.8935620919535e-05 1.40857726388749e-05 1.71182562474623e-06 6.681598786964e-06 1.37115791780475e-05 2.45235257843156e-05 3.5441522863962e-05 4.54632215124853e-05 5.59648891480779e-05 6.34968665511401e-05 6.94050596548569e-05 7.10026524161722e-05 6.63958390740219e-05
4.90422235620938e-05 3.06713429041974e-05 1.53705619151173e-05 1.81374530288535e-06 6.73317769732491e-06 1.35410375219233e-05 2.38698661947358e-05 3.51189007023963e-05 4.65071410002238e-05 5.73083399984465e-05 6.5409109988575e-05 7.1924850277917e-05 7.39047435668637e-05 6.99312993657559e-05
6.583470058095e-05 3.98146819761227e-05 1.60623382586499e-05 1.84410257901646e-06 8.89504844133753e-06 2.68141767557982e-05 4.58944373034287e-05 6.15837863419549e-05 7.51242204549497e-05 8.59122914353774e-05 9.29627892867469e-05 9.75414224053568e-05 9.76765445983994e-05 9.29157138300658e-05
6.5951195769365e-05 3.99155213907635e-05 1.75811953534795e-05 2.05573489280588e-06 8.23406066357614e-06 2.36570053878056e-05 3.84282797388447e-05 5.70196527458128e-05 7.08291191536419e-05 8.36664346401424e-05 9.3023486171596e-05 9.99103028107191e-05 0.000101173043985788 9.65519297836178e-05
4.61789724040988e-05 2.82939263882537e-05 1.30603163477547e-05 1.67647314058074e-06 6.72283491789006e-06 1.53902254080395e-05 2.68799244940613e-05 3.97609367075538e-05 4.96523148887437e-05 5.85323755689173e-05 6.45830928353937e-05 6.89639375533667e-05 7.01219902684462e-05 6.62304881222748e-05
6.26637508335456e-05 3.73343395703158e-05 1.73114706015541e-05 1.93039024951746e-06 7.68608785198625e-06 1.91491032934041e-05 3.14245273976801e-05 4.76089343922572e-05 6.2215039928122e-05 7.59361639024337e-05 8.612894533274e-05 9.32121900114097e-05 9.55569432467676e-05 9.03260279652112e-05
4.05315467419933e-05 2.400629266044e-05 1.16564796836717e-05 1.46255708209487e-06 5.81972092889692e-06 1.14054035236555e-05 2.07530917765134e-05 3.03733512294267e-05 4.07794092159352e-05 5.13419500638093e-05 5.96860674258537e-05 6.52802273244281e-05 6.68591471623297e-05 6.23317155390688e-05
4.54859957425802e-05 2.97292379685123e-05 1.47981604091296e-05 1.8286743516633e-06 6.9955260070938e-06 1.37755618372098e-05 2.47285488959714e-05 3.50922064237978e-05 4.37326654037161e-05 5.15683365716643e-05 5.72625195413242e-05 6.13519747311829e-05 6.31372528300064e-05 6.06785409489901e-05
5.57620155730441e-05 3.36109036975199e-05 1.4133689464081e-05 1.62503481538515e-06 7.41300712520674e-06 1.99401625606006e-05 3.45332753548056e-05 5.0200401818893e-05 6.16750842008454e-05 7.38504438061005e-05 8.27459588474553e-05 8.95068701336282e-05 9.12303859021725e-05 8.50215457666979e-05
2.58528369527414e-05 1.65375034264557e-05 7.78057910759367e-06 9.84190681218343e-07 4.78386015114729e-06 1.04689741617758e-05 2.05046030161344e-05 2.95712714599937e-05 3.50865232963763e-05 3.93531360191904e-05 4.12249617383986e-05 4.21513260017557e-05 4.13925165367623e-05 3.80241510777721e-05
3.61960830665109e-05 2.34194224165981e-05 1.14387888895936e-05 1.49836762760062e-06 5.69327287914659e-06 1.13141166345901e-05 1.99179020407498e-05 2.81934339144217e-05 3.55882041210392e-05 4.21807255792377e-05 4.68697035770426e-05 5.04143841104118e-05 5.17254951286833e-05 4.93802640167946e-05
5.89738068592414e-05 3.45189686393124e-05 1.44617068470775e-05 1.6723596413517e-06 7.27293944424107e-06 1.82308167129651e-05 3.25625720991139e-05 4.93831261701748e-05 6.45835274128034e-05 7.81569778439885e-05 8.84196854148443e-05 9.49480237380621e-05 9.67478322229413e-05 9.03458728584489e-05
5.60813572332332e-05 3.07060308817405e-05 9.80915979016438e-06 1.1515995461681e-06 7.10924512001732e-06 2.06013195510031e-05 4.31548540672239e-05 6.42774990064389e-05 8.07496232647866e-05 9.28162646415623e-05 0.000100914624914456 0.000105451536669869 0.000102196061223572 9.23251896667085e-05
4.81261110003149e-05 3.26569650580566e-05 1.54517479757174e-05 1.88044240588618e-06 8.56545448558495e-06 2.04792206461324e-05 3.46109298247779e-05 4.8499876078005e-05 5.58969835970245e-05 6.00146263430587e-05 6.07429975499522e-05 6.06637341426414e-05 6.05103246234229e-05 5.84959160002714e-05
4.75545722692007e-05 2.80408095238547e-05 1.25459455121917e-05 1.55638149089555e-06 6.86695939798695e-06 1.6331090735489e-05 3.06565645421945e-05 4.49805420859427e-05 5.70041643242779e-05 6.73663058636192e-05 7.46933522565151e-05 7.89312179732806e-05 7.8806418683364e-05 7.30731604343436e-05
4.2932983957383e-05 2.81707164241512e-05 1.40906415529058e-05 1.78300634386427e-06 6.44801571704514e-06 1.29166595101071e-05 2.17407986844838e-05 3.13019195325895e-05 3.96503120485551e-05 4.70461098085022e-05 5.28585309402853e-05 5.69761523161894e-05 5.92911705542986e-05 5.71684964455959e-05
5.48838772116308e-05 3.31114339980744e-05 1.43584299843619e-05 1.75926635606081e-06 8.14224057347126e-06 2.06941420933071e-05 3.684511253367e-05 5.13888775498643e-05 6.22291271761236e-05 7.28133067957297e-05 8.02703667273782e-05 8.72803580283344e-05 8.84948998808686e-05 8.31139919352878e-05
2.76625329054325e-05 1.66033215486145e-05 8.12633586061641e-06 1.04106777828721e-06 4.17489976695948e-06 8.41702132477796e-06 1.616131301875e-05 2.40931790803524e-05 3.21481984931e-05 3.92767468610087e-05 4.508924802834e-05 4.84810934166726e-05 4.85740253684584e-05 4.42147506531832e-05
2.06865942229215e-05 1.14271652728892e-05 4.44440029681991e-06 5.50928369603965e-07 2.65383954003546e-06 5.75607939247136e-06 1.07971543059758e-05 1.67297832933769e-05 2.31814204307084e-05 2.92172331082601e-05 3.35880086725753e-05 3.73816610252849e-05 3.79420642807253e-05 3.46716231547784e-05
3.33935620967474e-05 1.74980160983419e-05 6.07638607481138e-06 7.56608953181409e-07 4.23990494819666e-06 9.31234872212195e-06 1.77789202916541e-05 2.72506955916085e-05 3.83606124637431e-05 5.07862903590766e-05 6.03347664996001e-05 6.5795708761567e-05 6.68093863167245e-05 6.02027665735625e-05
2.7684110526592e-05 1.59557448770978e-05 6.22102152412671e-06 7.78797286207152e-07 4.4858861868933e-06 1.11122311453728e-05 2.10793880283759e-05 3.03671111438162e-05 3.69057316187496e-05 4.23660880643574e-05 4.56231885320792e-05 4.79364507149615e-05 4.73435457727861e-05 4.39147598518277e-05
6.77286805861415e-05 3.98095677100583e-05 1.55965914736423e-05 1.78291202122733e-06 8.27319870679433e-06 2.50475584008628e-05 4.3516172235764e-05 6.20917945150548e-05 7.80813106079299e-05 9.04985024454503e-05 9.95864573188583e-05 0.000106387369685749 0.000107027172707605 0.000100674511232462
4.56112836342121e-05 2.90171114228942e-05 1.48425288616608e-05 1.74797595441849e-06 6.43957197997062e-06 1.344451241986e-05 2.26216565109556e-05 3.39120721879094e-05 4.49275166855839e-05 5.4427263629551e-05 6.17059223646006e-05 6.65844689239667e-05 6.81366117172367e-05 6.41849012758831e-05
2.66629457078745e-05 1.66881689379707e-05 7.32884007541546e-06 9.1454568653047e-07 4.37378174177214e-06 8.69607514554504e-06 1.6130012911691e-05 2.55063480224136e-05 3.43897249976637e-05 4.16874475813925e-05 4.59578963967203e-05 4.84685160131874e-05 4.75901535005101e-05 4.26641116681349e-05
7.08660546141682e-05 4.09108906620549e-05 1.62688308903297e-05 1.7613634061096e-06 8.48542226534307e-06 2.59718769175305e-05 4.69200701974962e-05 6.98367397153581e-05 8.72299310758534e-05 0.000101228887497499 0.000110977528703853 0.000117269691446064 0.000116727639591845 0.000109766116179357
2.20984111595127e-05 1.3112345482406e-05 5.97634742954164e-06 7.52747365248001e-07 3.38878115350991e-06 7.01036166722219e-06 1.34192600580663e-05 1.97007704988711e-05 2.69172131631665e-05 3.45308470144379e-05 3.98520615300151e-05 4.29831239790705e-05 4.34280993759397e-05 3.82859073952261e-05
3.80970012973523e-05 2.3079414340362e-05 1.01379409518031e-05 1.31827015841793e-06 6.30944484414586e-06 1.35170075534146e-05 2.37160254451435e-05 3.29780691301786e-05 4.13656140076547e-05 4.82563088110207e-05 5.29096320871002e-05 5.31795522682925e-05 5.20039038899524e-05 5.03309721460636e-05
5.27079623704919e-05 3.01976527606943e-05 1.21840975042556e-05 1.46447470962789e-06 7.11681812011284e-06 1.80008867087824e-05 3.31011108657234e-05 4.94168417972415e-05 6.26993284059141e-05 7.44217597550415e-05 8.26790731464778e-05 8.74528253256826e-05 8.75540835312542e-05 8.18235707431026e-05
2.47876663265584e-05 1.49888702576349e-05 6.48627056910652e-06 8.22162536917749e-07 4.29413363617418e-06 1.07575521341828e-05 1.95827601457523e-05 3.03505971872051e-05 3.59490010738687e-05 4.1096568324825e-05 4.35361421005582e-05 4.46525950599236e-05 4.31492208011277e-05 3.92613741375998e-05
2.47422875617071e-05 1.38542054839041e-05 5.92385351293337e-06 7.63911647770846e-07 3.34639633039399e-06 7.12600679403941e-06 1.27488297897363e-05 1.86179739681681e-05 2.49694561363894e-05 3.21623954617434e-05 3.80986151506472e-05 4.2202218459719e-05 4.3630183987813e-05 4.06242821014195e-05
2.88103756452582e-05 1.74125319109779e-05 7.51067318358684e-06 9.17493696685908e-07 4.40647871622376e-06 9.63133234813515e-06 1.76192941782565e-05 2.54115591452433e-05 3.18050633936671e-05 3.81522864552568e-05 4.28589662827078e-05 4.67895815724751e-05 4.80101587827119e-05 4.47909871983751e-05
4.14674500394746e-05 2.63882355219737e-05 1.18481976654552e-05 1.5067437692798e-06 7.10384532045703e-06 1.55849733362161e-05 2.84231571105835e-05 4.032281014996e-05 4.86715596410396e-05 5.52136091785951e-05 5.89068407796422e-05 6.13035231699131e-05 6.14040441619103e-05 5.76938993494951e-05
4.89725426193048e-05 3.03754404240879e-05 1.46264430489816e-05 1.79848280208555e-06 7.07539187286737e-06 1.57548787623828e-05 2.85381543081429e-05 4.17727403311282e-05 5.23607098905593e-05 6.16684031603026e-05 6.83084162348828e-05 7.31238217499821e-05 7.42224219610985e-05 6.96598473887092e-05
1.95457087495886e-05 1.23517260745469e-05 6.12727008381283e-06 7.79813738196532e-07 3.21531504591084e-06 6.39390237567829e-06 1.15480421655307e-05 1.69519236691799e-05 2.24691994698963e-05 2.72235832664076e-05 3.02942186979194e-05 3.19549660729254e-05 3.20235547928353e-05 2.93874185011118e-05
3.50812598228642e-05 2.12953796448094e-05 1.01568624637949e-05 1.3409373818736e-06 5.21981716421964e-06 1.01804669344029e-05 1.84734133393326e-05 2.63867778311332e-05 3.38803437401994e-05 4.19031236327905e-05 4.83856935676389e-05 5.41140943634894e-05 5.62104800860356e-05 5.31698775322505e-05
1.31589985045187e-05 9.07098067720239e-06 4.80238047049013e-06 6.58730168311737e-07 2.4511573598449e-06 4.92978953337243e-06 9.56139968942286e-06 1.37241918532703e-05 1.66509200071842e-05 1.89742624423698e-05 2.02992202922295e-05 2.12668194552256e-05 2.11269051159365e-05 1.92944998779737e-05
2.08706173364846e-05 1.30564253427144e-05 6.42500493905656e-06 8.55739387082821e-07 3.55935443559672e-06 7.04132699342655e-06 1.32356967381566e-05 1.89186355718525e-05 2.45997115723467e-05 2.97083335216319e-05 3.28577440261031e-05 3.45453705296505e-05 3.42132791993173e-05 3.13194535234861e-05
4.30087702681737e-05 2.37838498965795e-05 9.41389905747088e-06 1.18410164518636e-06 5.69181599834362e-06 1.27305203110992e-05 2.33854564642764e-05 3.57933972477663e-05 4.91777671788916e-05 6.35326499287596e-05 7.46620643935041e-05 8.20987977430622e-05 8.22260011747524e-05 7.27181070658809e-05
3.99127293333276e-05 2.33289161893252e-05 9.98482672771634e-06 1.24643838835243e-06 6.00741172810454e-06 1.3334712216587e-05 2.4288836581976e-05 3.66783282275244e-05 4.94481312878888e-05 6.22155956147522e-05 7.22604501176602e-05 7.8066023625094e-05 7.83044659498046e-05 7.15956303552849e-05
2.85485128548627e-05 1.96658400155124e-05 1.02768791503982e-05 1.33752586040026e-06 5.23683709048756e-06 1.0555473871543e-05 1.88695012611406e-05 2.66969360609867e-05 3.15779637382967e-05 3.54262924335023e-05 3.72766486059203e-05 3.84416859985508e-05 3.8543013521311e-05 3.67458989000563e-05
7.85089389145337e-05 4.32254434319226e-05 1.6709809523624e-05 1.77603173137608e-06 9.17236377299986e-06 2.80499958082149e-05 4.73208904666961e-05 6.58827376058084e-05 8.21547137118065e-05 9.62006927936064e-05 0.000107231720665874 0.000116094631021812 0.000118116218525652 0.000114142458856373
