Run,p_{inf},M_{inf},Gamma,r1,r2,r3,r4,wall-press,heat-flux
1.0000000000000000e+00,1.8925000000000001e+01,1.7243749999999999e+01,1.0156250000000000e-03,-1.2750000000000000e-01,1.1250000000000000e-01,-1.0625000000000000e-01,1.8749999999999999e-02,7.5070039999999999e+03,3.5996550000000000e+05
2.0000000000000000e+00,1.9925000000000001e+01,1.4993750000000000e+01,1.8906249999999999e-03,1.7249999999999999e-01,-1.8750000000000000e-01,-1.5625000000000000e-01,1.6875000000000001e-01,5.9142590000000000e+03,2.3785420000000001e+05
3.0000000000000000e+00,2.3925000000000001e+01,1.6793749999999999e+01,1.3906249999999999e-03,-6.7500000000000004e-02,5.2499999999999998e-02,4.3749999999999997e-02,-3.1250000000000000e-02,8.9971229999999996e+03,3.9324570000000001e+05
4.0000000000000000e+00,2.1925000000000001e+01,1.4093750000000000e+01,1.1406249999999999e-03,5.2499999999999998e-02,1.7249999999999999e-01,-5.6250000000000001e-02,-1.3125000000000001e-01,5.7971959999999999e+03,2.7035640000000002e+05
5.0000000000000000e+00,1.7925000000000001e+01,1.5893750000000001e+01,1.6406249999999999e-03,-1.8750000000000000e-01,-6.7500000000000004e-02,1.4374999999999999e-01,6.8750000000000006e-02,6.0420709999999999e+03,3.5575140000000002e+05
6.0000000000000000e+00,1.7425000000000001e+01,1.5218750000000000e+01,1.0781250000000001e-03,-9.7500000000000003e-02,-3.7499999999999999e-02,1.1874999999999999e-01,1.4374999999999999e-01,5.3503819999999996e+03,2.3921779999999999e+05
7.0000000000000000e+00,2.1425000000000001e+01,1.7018750000000001e+01,1.5781250000000001e-03,1.4249999999999999e-01,2.0250000000000001e-01,-8.1250000000000003e-02,-5.6250000000000001e-02,8.2792430000000004e+03,3.9538420000000001e+05
8.0000000000000000e+00,2.3425000000000001e+01,1.4318750000000000e+01,1.8281250000000001e-03,-2.1750000000000000e-01,8.2500000000000004e-02,1.8749999999999999e-02,-1.5625000000000000e-01,6.3789719999999998e+03,2.7787040000000002e+05
9.0000000000000000e+00,1.9425000000000001e+01,1.6118749999999999e+01,1.3281250000000001e-03,2.2499999999999999e-02,-1.5750000000000000e-01,-1.8124999999999999e-01,4.3749999999999997e-02,6.7366250000000000e+03,3.9262350000000000e+05
1.0000000000000000e+01,1.8425000000000001e+01,1.3868750000000000e+01,1.7031250000000000e-03,-3.7499999999999999e-02,2.2499999999999999e-02,-1.3125000000000001e-01,1.9375000000000001e-01,4.6598149999999996e+03,1.6885120000000001e+05
1.1000000000000000e+01,2.2425000000000001e+01,1.5668749999999999e+01,1.2031250000000000e-03,2.0250000000000001e-01,-2.1750000000000000e-01,6.8750000000000006e-02,-6.2500000000000003e-03,7.3369790000000003e+03,3.5870620000000001e+05
1.2000000000000000e+01,2.0425000000000001e+01,1.4768750000000001e+01,1.4531250000000000e-03,-1.5750000000000000e-01,-9.7500000000000003e-02,-3.1250000000000000e-02,-1.0625000000000000e-01,5.9034240000000000e+03,2.6774100000000000e+05
1.3000000000000000e+01,1.6425000000000001e+01,1.6568750000000001e+01,1.9531250000000000e-03,8.2500000000000004e-02,1.4249999999999999e-01,1.6875000000000001e-01,9.3750000000000000e-02,5.9862070000000003e+03,2.9461300000000000e+05
1.4000000000000000e+01,1.6487500000000001e+01,1.5134375000000000e+01,1.4453125000000000e-03,1.4624999999999999e-01,-1.3875000000000001e-01,1.4687500000000001e-01,-4.0625000000000001e-02,5.0016769999999997e+03,2.3217179999999999e+05
1.5000000000000000e+01,2.0487500000000001e+01,1.6934374999999999e+01,1.9453125000000000e-03,-9.3750000000000000e-02,1.0125000000000001e-01,-5.3124999999999999e-02,1.5937499999999999e-01,7.8345590000000002e+03,3.8331170000000001e+05
1.6000000000000000e+01,2.2487500000000001e+01,1.4234375000000000e+01,1.6953125000000000e-03,2.6249999999999999e-02,2.2125000000000000e-01,4.6875000000000000e-02,5.9374999999999997e-02,6.0407870000000003e+03,2.5485520000000001e+05
1.7000000000000000e+01,1.8487500000000001e+01,1.6034375000000001e+01,1.1953125000000000e-03,-2.1375000000000000e-01,-1.8749999999999999e-02,-1.5312500000000001e-01,-1.4062500000000000e-01,6.3282179999999998e+03,3.3963000000000000e+05
1.8000000000000000e+01,1.9487500000000001e+01,1.3784375000000001e+01,1.8203125000000001e-03,2.0624999999999999e-01,1.6125000000000000e-01,-1.0312499999999999e-01,-9.0624999999999997e-02,4.9040690000000004e+03,2.0582079999999999e+05
1.9000000000000000e+01,2.3487500000000001e+01,1.5584375000000000e+01,1.3203125000000001e-03,-3.3750000000000002e-02,-7.8750000000000001e-02,9.6875000000000003e-02,1.0937500000000000e-01,7.5984560000000001e+03,3.6004729999999999e+05
2.0000000000000000e+01,2.1487500000000001e+01,1.4684374999999999e+01,1.0703125000000001e-03,8.6249999999999993e-02,-1.9875000000000001e-01,-3.1250000000000002e-03,9.3749999999999997e-03,6.1369650000000001e+03,2.5893289999999999e+05
2.1000000000000000e+01,1.7487500000000001e+01,1.6484375000000000e+01,1.5703125000000001e-03,-1.5375000000000000e-01,4.1250000000000002e-02,1.9687499999999999e-01,-1.9062499999999999e-01,6.2942550000000001e+03,2.7758190000000002e+05
2.2000000000000000e+01,1.7987500000000001e+01,1.4459375000000000e+01,1.1328124999999999e-03,-3.7499999999999999e-03,7.1249999999999994e-02,1.7187500000000000e-01,-1.5625000000000000e-02,4.9901270000000004e+03,2.3902779999999999e+05
2.3000000000000000e+01,2.1987500000000001e+01,1.6259374999999999e+01,1.6328124999999999e-03,2.3624999999999999e-01,-1.6875000000000001e-01,-2.8125000000000001e-02,1.8437500000000001e-01,7.6626639999999998e+03,2.7027409999999998e+05
2.4000000000000000e+01,2.3987500000000001e+01,1.5359375000000000e+01,1.8828124999999999e-03,-1.2375000000000000e-01,-4.8750000000000002e-02,7.1874999999999994e-02,8.4375000000000006e-02,7.5257110000000002e+03,3.3029650000000000e+05
2.5000000000000000e+01,1.9987500000000001e+01,1.7159375000000001e+01,1.3828124999999999e-03,1.1625000000000001e-01,1.9125000000000000e-01,-1.2812499999999999e-01,-1.1562500000000001e-01,7.8516090000000004e+03,3.8182290000000002e+05
2.6000000000000000e+01,1.8987500000000001e+01,1.4909375000000001e+01,1.5078125000000000e-03,-6.3750000000000001e-02,-1.0875000000000000e-01,-1.7812500000000001e-01,-6.5625000000000003e-02,5.5913599999999997e+03,2.6642509999999998e+05
2.7000000000000000e+01,2.2987500000000001e+01,1.6709375000000001e+01,1.0078125000000000e-03,1.7624999999999999e-01,1.3125000000000001e-01,2.1874999999999999e-02,1.3437499999999999e-01,8.5523680000000004e+03,3.6362659999999998e+05
2.8000000000000000e+01,2.0987500000000001e+01,1.4009375000000000e+01,1.2578125000000000e-03,-1.8375000000000000e-01,1.1250000000000000e-02,-7.8125000000000000e-02,3.4375000000000003e-02,5.4429809999999998e+03,2.0792010000000001e+05
2.9000000000000000e+01,1.6987500000000001e+01,1.5809374999999999e+01,1.7578125000000000e-03,5.6250000000000001e-02,-2.2875000000000001e-01,1.2187500000000000e-01,-1.6562499999999999e-01,5.6390219999999999e+03,2.9947759999999998e+05
3.0000000000000000e+01,1.7237500000000001e+01,1.4121874999999999e+01,1.6640625000000000e-03,7.1249999999999994e-02,-3.7499999999999999e-03,9.3749999999999997e-03,1.7187500000000000e-01,4.5481580000000004e+03,2.0326420000000001e+05
3.1000000000000000e+01,2.1237500000000001e+01,1.5921875000000000e+01,1.1640624999999999e-03,-1.6875000000000001e-01,2.3624999999999999e-01,-1.9062499999999999e-01,-2.8125000000000001e-02,7.1901329999999998e+03,4.0349329999999999e+05
3.2000000000000000e+01,2.3237500000000001e+01,1.5021875000000000e+01,1.4140625000000000e-03,1.9125000000000000e-01,1.1625000000000001e-01,1.0937500000000000e-01,-1.2812499999999999e-01,6.9693469999999998e+03,2.8871390000000002e+05
3.3000000000000000e+01,1.9237500000000001e+01,1.6821874999999999e+01,1.9140625000000000e-03,-4.8750000000000002e-02,-1.2375000000000000e-01,-9.0624999999999997e-02,7.1874999999999994e-02,7.2353450000000003e+03,3.3710579999999999e+05
3.4000000000000000e+01,2.0237500000000001e+01,1.5471875000000001e+01,1.0390625000000001e-03,1.1250000000000000e-02,5.6250000000000001e-02,-4.0625000000000001e-02,1.2187500000000000e-01,6.4423220000000001e+03,2.9285109999999998e+05
3.5000000000000000e+01,2.4237500000000001e+01,1.7271875000000001e+01,1.5390625000000001e-03,-2.2875000000000001e-01,-1.8375000000000000e-01,1.5937499999999999e-01,-7.8125000000000000e-02,9.6271450000000004e+03,4.3965540000000002e+05
3.6000000000000000e+01,2.2237500000000001e+01,1.4571875000000000e+01,1.7890625000000001e-03,1.3125000000000001e-01,-6.3750000000000001e-02,-1.4062500000000000e-01,-1.7812500000000001e-01,6.2574660000000003e+03,2.7392500000000000e+05
3.7000000000000000e+01,1.8237500000000001e+01,1.6371874999999999e+01,1.2890625000000001e-03,-1.0875000000000000e-01,1.7624999999999999e-01,5.9374999999999997e-02,2.1874999999999999e-02,6.4430969999999998e+03,2.4336370000000001e+05
3.8000000000000000e+01,1.7737500000000001e+01,1.4796875000000000e+01,1.9765625000000000e-03,-1.9875000000000001e-01,2.0624999999999999e-01,8.4375000000000006e-02,1.9687499999999999e-01,5.1350079999999998e+03,2.3187579999999999e+05
3.9000000000000000e+01,2.1737500000000001e+01,1.6596875000000001e+01,1.4765625000000000e-03,4.1250000000000002e-02,-3.3750000000000002e-02,-1.1562500000000001e-01,-3.1250000000000002e-03,7.9442820000000002e+03,3.2716459999999998e+05
4.0000000000000000e+01,2.3737500000000001e+01,1.3896875000000000e+01,1.2265625000000000e-03,-7.8750000000000001e-02,-1.5375000000000000e-01,1.8437500000000001e-01,-1.0312499999999999e-01,6.0655299999999997e+03,2.1671229999999999e+05
4.1000000000000000e+01,1.9737500000000001e+01,1.5696875000000000e+01,1.7265625000000000e-03,1.6125000000000000e-01,8.6249999999999993e-02,-1.5625000000000000e-02,9.6875000000000003e-02,6.4756970000000001e+03,3.4413209999999998e+05
4.2000000000000000e+01,1.8737500000000001e+01,1.4346875000000001e+01,1.3515624999999999e-03,-1.3875000000000001e-01,-2.1375000000000000e-01,-6.5625000000000003e-02,1.4687500000000001e-01,5.1017529999999997e+03,2.1955379999999999e+05
4.3000000000000000e+01,2.2737500000000001e+01,1.6146875000000001e+01,1.8515624999999999e-03,1.0125000000000001e-01,2.6249999999999999e-02,1.3437499999999999e-01,-5.3124999999999999e-02,7.8139899999999998e+03,2.7462490000000002e+05
4.4000000000000000e+01,2.0737500000000001e+01,1.5246874999999999e+01,1.6015624999999999e-03,-1.8749999999999999e-02,1.4624999999999999e-01,-1.6562499999999999e-01,-1.5312500000000001e-01,6.3960379999999996e+03,2.7911920000000001e+05
4.5000000000000000e+01,1.6737500000000001e+01,1.7046875000000000e+01,1.1015624999999999e-03,2.2125000000000000e-01,-9.3750000000000000e-02,3.4375000000000003e-02,4.6875000000000000e-02,6.4795200000000004e+03,3.1973070000000001e+05
4.6000000000000000e+01,1.6612500000000001e+01,1.4178125000000000e+01,1.9296875000000000e-03,-7.1249999999999994e-02,3.7499999999999999e-03,-9.3749999999999997e-03,-1.4687500000000001e-01,4.4118869999999997e+03,1.9983310000000001e+05
4.7000000000000000e+01,2.0612500000000001e+01,1.5978125000000000e+01,1.4296875000000000e-03,1.6875000000000001e-01,-2.3624999999999999e-01,1.9062499999999999e-01,5.3124999999999999e-02,6.9621790000000001e+03,2.9368909999999998e+05
4.8000000000000000e+01,2.2612500000000001e+01,1.5078125000000000e+01,1.1796875000000000e-03,-1.9125000000000000e-01,-1.1625000000000001e-01,-1.0937500000000000e-01,1.5312500000000001e-01,6.8060020000000004e+03,2.6083450000000000e+05
4.9000000000000000e+01,1.8612500000000001e+01,1.6878125000000001e+01,1.6796875000000000e-03,4.8750000000000002e-02,1.2375000000000000e-01,9.0624999999999997e-02,-4.6875000000000000e-02,7.0606059999999998e+03,3.4318059999999998e+05
5.0000000000000000e+01,1.9612500000000001e+01,1.4628125000000001e+01,1.3046875000000001e-03,-1.1250000000000000e-02,-5.6250000000000001e-02,4.0625000000000001e-02,-1.9687499999999999e-01,5.5637169999999996e+03,2.5627529999999999e+05
5.1000000000000000e+01,2.3612500000000001e+01,1.6428125000000001e+01,1.8046875000000001e-03,2.2875000000000001e-01,1.8375000000000000e-01,-1.5937499999999999e-01,3.1250000000000002e-03,8.4470689999999995e+03,3.3905509999999998e+05
5.2000000000000000e+01,2.1612500000000001e+01,1.3728125000000000e+01,1.5546875000000001e-03,-1.3125000000000001e-01,6.3750000000000001e-02,1.4062500000000000e-01,1.0312499999999999e-01,5.3676070000000000e+03,1.8233579999999999e+05
5.3000000000000000e+01,1.7612500000000001e+01,1.5528124999999999e+01,1.0546875000000001e-03,1.0875000000000000e-01,-1.7624999999999999e-01,-5.9374999999999997e-02,-9.6875000000000003e-02,5.6402730000000001e+03,2.6516450000000000e+05
5.4000000000000000e+01,1.8112500000000001e+01,1.5303125000000000e+01,1.7421875000000000e-03,1.9875000000000001e-01,-2.0624999999999999e-01,-8.4375000000000006e-02,-1.2187500000000000e-01,5.6225879999999997e+03,2.6080989999999999e+05
5.5000000000000000e+01,2.2112500000000001e+01,1.7103124999999999e+01,1.2421875000000000e-03,-4.1250000000000002e-02,3.3750000000000002e-02,1.1562500000000001e-01,7.8125000000000000e-02,8.6142800000000007e+03,3.8323240000000002e+05
5.6000000000000000e+01,2.4112500000000001e+01,1.4403124999999999e+01,1.4921875000000000e-03,7.8750000000000001e-02,1.5375000000000000e-01,-1.8437500000000001e-01,1.7812500000000001e-01,6.6265400000000000e+03,2.6659629999999999e+05
5.7000000000000000e+01,2.0112500000000001e+01,1.6203125000000000e+01,1.9921875000000000e-03,-1.6125000000000000e-01,-8.6249999999999993e-02,1.5625000000000000e-02,-2.1874999999999999e-02,6.9842230000000000e+03,3.1128370000000001e+05
5.8000000000000000e+01,1.9112500000000001e+01,1.3953125000000000e+01,1.1171874999999999e-03,1.3875000000000001e-01,2.1375000000000000e-01,6.5625000000000003e-02,-1.7187500000000000e-01,4.9056409999999996e+03,1.7824360000000001e+05
5.9000000000000000e+01,2.3112500000000001e+01,1.5753125000000001e+01,1.6171874999999999e-03,-1.0125000000000001e-01,-2.6249999999999999e-02,-1.3437499999999999e-01,2.8125000000000001e-02,7.6315950000000003e+03,3.6708300000000000e+05
6.0000000000000000e+01,2.1112500000000001e+01,1.4853125000000000e+01,1.8671874999999999e-03,1.8749999999999999e-02,-1.4624999999999999e-01,1.6562499999999999e-01,1.2812499999999999e-01,6.1590699999999997e+03,2.4246820000000001e+05
6.1000000000000000e+01,1.7112500000000001e+01,1.6653124999999999e+01,1.3671874999999999e-03,-2.2125000000000000e-01,9.3750000000000000e-02,-3.4375000000000003e-02,-7.1874999999999994e-02,6.2761490000000003e+03,2.6697850000000000e+05
6.2000000000000000e+01,1.6862500000000001e+01,1.4965624999999999e+01,1.2109375000000000e-03,-1.4624999999999999e-01,1.3875000000000001e-01,-1.4687500000000001e-01,6.5625000000000003e-02,4.9981189999999997e+03,2.3959610000000001e+05
6.3000000000000000e+01,2.0862500000000001e+01,1.6765625000000000e+01,1.7109375000000000e-03,9.3750000000000000e-02,-1.0125000000000001e-01,5.3124999999999999e-02,-1.3437499999999999e-01,7.7993599999999997e+03,3.4878420000000001e+05
6.4000000000000000e+01,2.2862500000000001e+01,1.4065625000000001e+01,1.9609375000000000e-03,-2.6249999999999999e-02,-2.2125000000000000e-01,-4.6875000000000000e-02,-3.4375000000000003e-02,5.9859390000000003e+03,2.3251460000000001e+05
6.5000000000000000e+01,1.8862500000000001e+01,1.5865625000000000e+01,1.4609375000000000e-03,2.1375000000000000e-01,1.8749999999999999e-02,1.5312500000000001e-01,1.6562499999999999e-01,6.3104399999999996e+03,3.1766140000000002e+05
6.6000000000000000e+01,1.9862500000000001e+01,1.4515625000000000e+01,1.5859375000000001e-03,-2.0624999999999999e-01,-1.6125000000000000e-01,1.0312499999999999e-01,1.5625000000000000e-02,5.5419930000000004e+03,2.4330879999999999e+05
6.7000000000000000e+01,2.3862500000000001e+01,1.6315625000000001e+01,1.0859375000000001e-03,3.3750000000000002e-02,7.8750000000000001e-02,-9.6875000000000003e-02,-1.8437500000000001e-01,8.3731419999999998e+03,2.7605000000000000e+05
6.8000000000000000e+01,2.1862500000000001e+01,1.5415625000000000e+01,1.3359375000000001e-03,-8.6249999999999993e-02,1.9875000000000001e-01,3.1250000000000002e-03,-8.4375000000000006e-02,6.9068090000000002e+03,3.0963040000000002e+05
6.9000000000000000e+01,1.7862500000000001e+01,1.7215624999999999e+01,1.8359374999999999e-03,1.5375000000000000e-01,-4.1250000000000002e-02,-1.9687499999999999e-01,1.1562500000000001e-01,7.0613360000000002e+03,3.7025079999999999e+05
7.0000000000000000e+01,1.7362500000000001e+01,1.3840624999999999e+01,1.3984374999999999e-03,3.7499999999999999e-03,-7.1249999999999994e-02,-1.7187500000000000e-01,9.0624999999999997e-02,4.3612749999999996e+03,1.5819020000000001e+05
7.1000000000000000e+01,2.1362500000000001e+01,1.5640625000000000e+01,1.8984375000000000e-03,-2.3624999999999999e-01,1.6875000000000001e-01,2.8125000000000001e-02,-1.0937500000000000e-01,6.9487560000000003e+03,3.4523990000000002e+05
7.2000000000000000e+01,2.3362500000000001e+01,1.4740625000000000e+01,1.6484374999999999e-03,1.2375000000000000e-01,4.8750000000000002e-02,-7.1874999999999994e-02,-9.3749999999999997e-03,6.7039840000000004e+03,2.4003410000000001e+05
7.3000000000000000e+01,1.9362500000000001e+01,1.6540624999999999e+01,1.1484374999999999e-03,-1.1625000000000001e-01,-1.9125000000000000e-01,1.2812499999999999e-01,1.9062499999999999e-01,7.0360309999999999e+03,3.0172120000000001e+05
7.4000000000000000e+01,1.8362500000000001e+01,1.5190625000000001e+01,1.7734375000000001e-03,6.3750000000000001e-02,1.0875000000000000e-01,1.7812500000000001e-01,4.0625000000000001e-02,5.6283879999999999e+03,2.6569509999999998e+05
7.5000000000000000e+01,2.2362500000000001e+01,1.6990625000000001e+01,1.2734375000000000e-03,-1.7624999999999999e-01,-1.3125000000000001e-01,-2.1874999999999999e-02,-1.5937499999999999e-01,8.6068299999999999e+03,3.8292470000000001e+05
7.6000000000000000e+01,2.0362500000000001e+01,1.4290625000000000e+01,1.0234375000000000e-03,1.8375000000000000e-01,-1.1250000000000000e-02,7.8125000000000000e-02,-5.9374999999999997e-02,5.5205100000000002e+03,2.4695700000000000e+05
7.7000000000000000e+01,1.6362500000000001e+01,1.6090624999999999e+01,1.5234375000000001e-03,-5.6250000000000001e-02,2.2875000000000001e-01,-1.2187500000000000e-01,1.4062500000000000e-01,5.6523040000000001e+03,3.5534640000000002e+05
7.8000000000000000e+01,1.6393750000000001e+01,1.4895312000000001e+01,1.7851563000000001e-03,2.1187500000000001e-01,-1.6875000000000001e-02,-3.2812500000000001e-02,-1.4062500000000000e-02,4.8122039999999997e+03,2.3572739999999999e+05
7.9000000000000000e+01,2.0393750000000001e+01,1.6695312000000001e+01,1.2851563000000001e-03,-2.8125000000000001e-02,2.2312499999999999e-01,1.6718749999999999e-01,1.8593750000000001e-01,7.5774030000000002e+03,3.5059829999999999e+05
8.0000000000000000e+01,2.2393750000000001e+01,1.3995312999999999e+01,1.0351563000000001e-03,9.1874999999999998e-02,1.0312499999999999e-01,-1.3281250000000000e-01,8.5937500000000000e-02,5.7790870000000004e+03,1.8883039999999999e+05
8.1000000000000000e+01,1.8393750000000001e+01,1.5795311999999999e+01,1.5351563000000001e-03,-1.4812500000000001e-01,-1.3687500000000000e-01,6.7187499999999997e-02,-1.1406250000000000e-01,6.0931999999999998e+03,3.0287759999999998e+05
8.2000000000000000e+01,1.9393750000000001e+01,1.4445311999999999e+01,1.4101561999999999e-03,1.5187500000000001e-01,4.3124999999999997e-02,1.7187500000000001e-02,-6.4062499999999994e-02,5.3669960000000001e+03,2.4906650000000000e+05
8.3000000000000000e+01,2.3393750000000001e+01,1.6245312999999999e+01,1.9101561999999999e-03,-8.8124999999999995e-02,-1.9687499999999999e-01,-1.8281249999999999e-01,1.3593749999999999e-01,8.1624809999999998e+03,3.2987579999999999e+05
8.4000000000000000e+01,2.1393750000000001e+01,1.5345313000000001e+01,1.6601561999999999e-03,3.1875000000000001e-02,-7.6874999999999999e-02,1.1718750000000000e-01,3.5937499999999997e-02,6.7003260000000000e+03,3.0520740000000002e+05
8.5000000000000000e+01,1.7393750000000001e+01,1.7145312000000001e+01,1.1601561999999999e-03,-2.0812500000000000e-01,1.6312499999999999e-01,-8.2812499999999997e-02,-1.6406250000000000e-01,6.8077730000000001e+03,3.2937909999999998e+05
8.6000000000000000e+01,1.7893750000000001e+01,1.3770312000000001e+01,1.5976562000000001e-03,-1.1812499999999999e-01,1.9312499999999999e-01,-5.7812500000000003e-02,-3.9062500000000000e-02,4.4625580000000000e+03,1.6204379999999999e+05
8.7000000000000000e+01,2.1893750000000001e+01,1.5570311999999999e+01,1.0976562999999999e-03,1.2187500000000000e-01,-4.6875000000000000e-02,1.4218749999999999e-01,1.6093750000000001e-01,7.0735379999999996e+03,3.4532929999999999e+05
8.8000000000000000e+01,2.3893750000000001e+01,1.4670311999999999e+01,1.3476562000000001e-03,-2.3812500000000000e-01,-1.6687500000000000e-01,-1.5781249999999999e-01,6.0937499999999999e-02,6.8207790000000005e+03,2.8927750000000000e+05
8.9000000000000000e+01,1.9893750000000001e+01,1.6470312000000000e+01,1.8476562000000001e-03,1.8749999999999999e-03,7.3124999999999996e-02,4.2187500000000003e-02,-1.3906250000000001e-01,7.1440039999999999e+03,2.9946529999999999e+05
9.0000000000000000e+01,1.8893750000000001e+01,1.5120312999999999e+01,1.2226563000000000e-03,-5.8125000000000003e-02,-2.2687499999999999e-01,9.2187500000000006e-02,-8.9062500000000003e-02,5.7167550000000001e+03,2.3930239999999999e+05
9.1000000000000000e+01,2.2893750000000001e+01,1.6920313000000000e+01,1.7226563000000000e-03,1.8187500000000001e-01,1.3125000000000000e-02,-1.0781250000000001e-01,1.1093749999999999e-01,8.7439930000000004e+03,4.0553390000000002e+05
9.2000000000000000e+01,2.0893750000000001e+01,1.4220313000000001e+01,1.9726562999999998e-03,-1.7812500000000001e-01,1.3312499999999999e-01,1.9218750000000001e-01,1.0937499999999999e-02,5.6239309999999996e+03,2.7716259999999998e+05
9.3000000000000000e+01,1.6893750000000001e+01,1.6020312000000001e+01,1.4726563000000000e-03,6.1874999999999999e-02,-1.0687500000000000e-01,-7.8125000000000000e-03,-1.8906249999999999e-01,5.7757910000000002e+03,3.3298590000000002e+05
9.4000000000000000e+01,1.7143750000000001e+01,1.4332812000000001e+01,1.0664063000000001e-03,4.6875000000000000e-02,-1.2187500000000000e-01,-1.2031250000000000e-01,1.9843749999999999e-01,4.6621350000000002e+03,2.1409160000000001e+05
9.5000000000000000e+01,2.1143750000000001e+01,1.6132812000000001e+01,1.5664063000000001e-03,-1.9312499999999999e-01,1.1812499999999999e-01,7.9687499999999994e-02,-1.5625000000000001e-03,7.2724499999999998e+03,2.9500740000000002e+05
9.6000000000000000e+01,2.3143750000000001e+01,1.5232811999999999e+01,1.8164062999999999e-03,1.6687500000000000e-01,2.3812500000000000e-01,-2.0312500000000001e-02,-1.0156250000000000e-01,7.1421300000000001e+03,3.2038240000000002e+05
9.7000000000000000e+01,1.9143750000000001e+01,1.7032812000000000e+01,1.3164063000000001e-03,-7.3124999999999996e-02,-1.8749999999999999e-03,1.7968750000000000e-01,9.8437499999999997e-02,7.4077629999999999e+03,3.5927640000000002e+05
9.8000000000000000e+01,2.0143750000000001e+01,1.4782813000000001e+01,1.6914062000000000e-03,1.0687500000000000e-01,1.7812500000000001e-01,1.2968750000000001e-01,1.4843750000000000e-01,5.8300420000000004e+03,2.4223850000000000e+05
9.9000000000000000e+01,2.4143750000000001e+01,1.6582812000000001e+01,1.1914062000000000e-03,-1.3312499999999999e-01,-6.1874999999999999e-02,-7.0312500000000000e-02,-5.1562499999999997e-02,8.8187350000000006e+03,3.4501020000000001e+05
1.0000000000000000e+02,2.2143750000000001e+01,1.3882811999999999e+01,1.4414062000000000e-03,2.2687499999999999e-01,-1.8187500000000001e-01,2.9687499999999999e-02,-1.5156249999999999e-01,5.6534359999999997e+03,2.2217739999999999e+05
1.0100000000000000e+02,2.0300000000000001e+01,1.5500000000000000e+01,1.5000000000000000e-03,0.0000000000000000e+00,0.0000000000000000e+00,0.0000000000000000e+00,0.0000000000000000e+00,6.4853059999999996e+03,3.0402520000000001e+05
1.0200000000000000e+02,2.2300000000000001e+01,1.4600000000000000e+01,1.7500000000000000e-03,-1.2000000000000000e-01,1.2000000000000000e-01,-1.0000000000000001e-01,1.0000000000000001e-01,6.2959889999999996e+03,2.6907000000000000e+05
1.0300000000000000e+02,1.8300000000000001e+01,1.6399999999999999e+01,1.2500000000000000e-03,1.2000000000000000e-01,-1.2000000000000000e-01,1.0000000000000001e-01,-1.0000000000000001e-01,6.4877690000000002e+03,2.4311689999999999e+05
1.0400000000000000e+02,1.9300000000000001e+01,1.5050000000000001e+01,1.6249999999999999e-03,-1.7999999999999999e-01,1.7999999999999999e-01,1.4999999999999999e-01,-1.4999999999999999e-01,5.7971949999999997e+03,2.5448210000000001e+05
1.0500000000000000e+02,2.3300000000000001e+01,1.6850000000000001e+01,1.1249999999999999e-03,5.9999999999999998e-02,-5.9999999999999998e-02,-5.0000000000000003e-02,5.0000000000000003e-02,8.8169419999999991e+03,3.7665970000000001e+05
1.0600000000000000e+02,2.1300000000000001e+01,1.4150000000000000e+01,1.3749999999999999e-03,-5.9999999999999998e-02,-1.7999999999999999e-01,5.0000000000000003e-02,1.4999999999999999e-01,5.6474399999999996e+03,2.2877139999999999e+05
1.0700000000000000e+02,1.7300000000000001e+01,1.5949999999999999e+01,1.8749999999999999e-03,1.7999999999999999e-01,5.9999999999999998e-02,-1.4999999999999999e-01,-5.0000000000000003e-02,5.8610600000000004e+03,3.4179840000000002e+05
1.0800000000000000e+02,1.7800000000000001e+01,1.4824999999999999e+01,1.3125000000000001e-03,8.9999999999999997e-02,2.9999999999999999e-02,-1.2500000000000000e-01,-1.7499999999999999e-01,5.1805259999999998e+03,2.4814579999999999e+05
1.0900000000000000e+02,2.1800000000000001e+01,1.6625000000000000e+01,1.8125000000000001e-03,-1.4999999999999999e-01,-2.0999999999999999e-01,7.4999999999999997e-02,2.5000000000000001e-02,8.0095060000000003e+03,3.4778300000000000e+05
1.1000000000000000e+02,2.3800000000000001e+01,1.3925000000000001e+01,1.5625000000000001e-03,2.0999999999999999e-01,-8.9999999999999997e-02,-2.5000000000000001e-02,1.2500000000000000e-01,6.0810860000000002e+03,1.9540539999999999e+05
1.1100000000000000e+02,1.9800000000000001e+01,1.5725000000000000e+01,1.0625000000000001e-03,-2.9999999999999999e-02,1.4999999999999999e-01,1.7499999999999999e-01,-7.4999999999999997e-02,6.5388770000000004e+03,3.6874350000000000e+05
1.1200000000000000e+02,1.8800000000000001e+01,1.4375000000000000e+01,1.9375000000000000e-03,2.9999999999999999e-02,-2.9999999999999999e-02,1.2500000000000000e-01,-1.2500000000000000e-01,5.1691300000000001e+03,2.7209559999999998e+05
1.1300000000000000e+02,2.2800000000000001e+01,1.6175000000000001e+01,1.4375000000000000e-03,-2.0999999999999999e-01,2.0999999999999999e-01,-7.4999999999999997e-02,7.4999999999999997e-02,7.8788270000000002e+03,2.9932179999999999e+05
1.1400000000000000e+02,2.0800000000000001e+01,1.5275000000000000e+01,1.1875000000000000e-03,1.4999999999999999e-01,8.9999999999999997e-02,2.5000000000000001e-02,1.7499999999999999e-01,6.4542889999999998e+03,2.8826640000000002e+05
1.1500000000000000e+02,1.6800000000000001e+01,1.7074999999999999e+01,1.6875000000000000e-03,-8.9999999999999997e-02,-1.4999999999999999e-01,-1.7499999999999999e-01,-2.5000000000000001e-02,6.5102340000000004e+03,3.2093920000000001e+05
1.1600000000000000e+02,1.7050000000000001e+01,1.5387499999999999e+01,1.8437499999999999e-03,-4.4999999999999998e-02,-1.0500000000000000e-01,-6.2500000000000000e-02,1.2500000000000001e-02,5.3507309999999998e+03,2.5755629999999999e+05
1.1700000000000000e+02,2.1050000000000001e+01,1.7187500000000000e+01,1.3437499999999999e-03,1.9500000000000001e-01,1.3500000000000001e-01,1.3750000000000001e-01,-1.8750000000000000e-01,8.2772749999999996e+03,3.8034250000000000e+05
1.1800000000000000e+02,2.3050000000000001e+01,1.4487500000000001e+01,1.0937500000000001e-03,-1.6500000000000001e-01,1.4999999999999999e-02,-1.6250000000000001e-01,-8.7499999999999994e-02,6.4224170000000004e+03,2.7626829999999999e+05
1.1900000000000000e+02,1.9050000000000001e+01,1.6287500000000001e+01,1.5937499999999999e-03,7.4999999999999997e-02,-2.2500000000000001e-01,3.7499999999999999e-02,1.1250000000000000e-01,6.6766940000000004e+03,2.8089800000000000e+05
1.2000000000000000e+02,2.0050000000000001e+01,1.4037500000000000e+01,1.4687500000000000e-03,-1.0500000000000000e-01,7.4999999999999997e-02,8.7499999999999994e-02,6.2500000000000000e-02,5.2316620000000003e+03,2.1668460000000001e+05
1.2100000000000000e+02,2.4050000000000001e+01,1.5837500000000000e+01,1.9687500000000000e-03,1.3500000000000001e-01,-1.6500000000000001e-01,-1.1250000000000000e-01,-1.3750000000000001e-01,8.0566520000000000e+03,4.3879929999999999e+05
1.2200000000000000e+02,2.2050000000000001e+01,1.4937500000000000e+01,1.7187500000000000e-03,-2.2500000000000001e-01,-4.4999999999999998e-02,1.8750000000000000e-01,-3.7499999999999999e-02,6.5197280000000001e+03,2.6233200000000000e+05
1.2300000000000000e+02,1.8050000000000001e+01,1.6737500000000001e+01,1.2187500000000000e-03,1.4999999999999999e-02,1.9500000000000001e-01,-1.2500000000000001e-02,1.6250000000000001e-01,6.7225240000000003e+03,3.0804929999999999e+05
1.2400000000000000e+02,1.7550000000000001e+01,1.4262499999999999e+01,1.5312500000000001e-03,1.6500000000000001e-01,1.6500000000000001e-01,-3.7499999999999999e-02,3.7499999999999999e-02,4.7506490000000003e+03,2.5469870000000001e+05
1.2500000000000000e+02,2.1550000000000001e+01,1.6062500000000000e+01,1.0312500000000000e-03,-7.4999999999999997e-02,-7.4999999999999997e-02,1.6250000000000001e-01,-1.6250000000000001e-01,7.3515789999999997e+03,2.8905929999999999e+05
1.2600000000000000e+02,2.3550000000000001e+01,1.5162500000000000e+01,1.2812500000000001e-03,4.4999999999999998e-02,-1.9500000000000001e-01,-1.3750000000000001e-01,-6.2500000000000000e-02,7.1783230000000003e+03,2.8035429999999999e+05
1.2700000000000000e+02,1.9550000000000001e+01,1.6962499999999999e+01,1.7812500000000001e-03,-1.9500000000000001e-01,4.4999999999999998e-02,6.2500000000000000e-02,1.3750000000000001e-01,7.5047650000000003e+03,3.7489459999999998e+05
1.2800000000000000e+02,1.8550000000000001e+01,1.4712500000000000e+01,1.1562499999999999e-03,2.2500000000000001e-01,-1.3500000000000001e-01,1.2500000000000001e-02,8.7499999999999994e-02,5.3167129999999997e+03,2.4176700000000000e+05
1.2900000000000000e+02,2.2550000000000001e+01,1.6512499999999999e+01,1.6562500000000000e-03,-1.4999999999999999e-02,1.0500000000000000e-01,-1.8750000000000000e-01,-1.1250000000000000e-01,8.1300950000000003e+03,3.0976000000000000e+05
1.3000000000000000e+02,2.0550000000000001e+01,1.3812500000000000e+01,1.9062500000000000e-03,1.0500000000000000e-01,2.2500000000000001e-01,1.1250000000000000e-01,-1.2500000000000001e-02,5.1785219999999999e+03,1.9520420000000001e+05
1.3100000000000000e+02,1.6550000000000001e+01,1.5612500000000001e+01,1.4062499999999999e-03,-1.3500000000000001e-01,-1.4999999999999999e-02,-8.7499999999999994e-02,1.8750000000000000e-01,5.3599359999999997e+03,2.6886150000000000e+05
1.3200000000000000e+02,1.6675000000000001e+01,1.4656250000000000e+01,1.6093749999999999e-03,3.7499999999999999e-02,9.7500000000000003e-02,5.6250000000000001e-02,-9.3750000000000000e-02,4.7474020000000000e+03,2.4075470000000001e+05
1.3300000000000000e+02,2.0675000000000001e+01,1.6456250000000001e+01,1.1093749999999999e-03,-2.0250000000000001e-01,-1.4249999999999999e-01,-1.4374999999999999e-01,1.0625000000000000e-01,7.3824449999999997e+03,2.6208060000000001e+05
1.3400000000000000e+02,2.2675000000000001e+01,1.3756250000000000e+01,1.3593749999999999e-03,1.5750000000000000e-01,-2.2499999999999999e-02,1.5625000000000000e-01,6.2500000000000003e-03,5.6837659999999996e+03,2.1410050000000000e+05
1.3500000000000000e+02,1.8675000000000001e+01,1.5556250000000000e+01,1.8593749999999999e-03,-8.2500000000000004e-02,2.1750000000000000e-01,-4.3749999999999997e-02,-1.9375000000000001e-01,6.0088999999999996e+03,3.0361470000000001e+05
1.3600000000000000e+02,1.9675000000000001e+01,1.4206250000000001e+01,1.2343750000000000e-03,9.7500000000000003e-02,-8.2500000000000004e-02,-9.3750000000000000e-02,-4.3749999999999997e-02,5.2501480000000001e+03,2.1503670000000001e+05
1.3700000000000000e+02,2.3675000000000001e+01,1.6006250000000001e+01,1.7343750000000000e-03,-1.4249999999999999e-01,1.5750000000000000e-01,1.0625000000000000e-01,1.5625000000000000e-01,8.0102960000000003e+03,2.9996059999999998e+05
1.3800000000000000e+02,2.1675000000000001e+01,1.5106249999999999e+01,1.9843750000000000e-03,2.1750000000000000e-01,3.7499999999999999e-02,-1.9375000000000001e-01,5.6250000000000001e-02,6.5593350000000000e+03,2.8088920000000001e+05
1.3900000000000000e+02,1.7675000000000001e+01,1.6906250000000000e+01,1.4843750000000000e-03,-2.2499999999999999e-02,-2.0250000000000001e-01,6.2500000000000003e-03,-1.4374999999999999e-01,6.7144899999999998e+03,3.1628290000000002e+05
1.4000000000000000e+02,1.8175000000000001e+01,1.3981249999999999e+01,1.7968750000000001e-03,-1.7249999999999999e-01,-1.7249999999999999e-01,3.1250000000000000e-02,-6.8750000000000006e-02,4.6595020000000004e+03,1.6779839999999999e+05
1.4100000000000000e+02,2.2175000000000001e+01,1.5781250000000000e+01,1.2968750000000001e-03,6.7500000000000004e-02,6.7500000000000004e-02,-1.6875000000000001e-01,1.3125000000000001e-01,7.3594690000000001e+03,3.6790229999999999e+05
1.4200000000000000e+02,2.4175000000000001e+01,1.4881250000000000e+01,1.0468750000000001e-03,-5.2499999999999998e-02,1.8750000000000000e-01,1.3125000000000001e-01,3.1250000000000000e-02,7.1057290000000003e+03,2.7025659999999998e+05
1.4300000000000000e+02,2.0175000000000001e+01,1.6681249999999999e+01,1.5468750000000001e-03,1.8750000000000000e-01,-5.2499999999999998e-02,-6.8750000000000006e-02,-1.6875000000000001e-01,7.4515400000000000e+03,3.2408020000000001e+05
1.4400000000000000e+02,1.9175000000000001e+01,1.5331250000000001e+01,1.4218750000000000e-03,-2.3250000000000001e-01,1.2750000000000000e-01,-1.8749999999999999e-02,-1.8749999999999999e-02,5.9835670000000000e+03,2.7106520000000001e+05
1.4500000000000000e+02,2.3175000000000001e+01,1.7131250000000001e+01,1.9218750000000000e-03,7.4999999999999997e-03,-1.1250000000000000e-01,1.8124999999999999e-01,1.8124999999999999e-01,9.0482289999999994e+03,4.1896400000000000e+05
1.4600000000000000e+02,2.1175000000000001e+01,1.4431250000000000e+01,1.6718750000000000e-03,-1.1250000000000000e-01,-2.3250000000000001e-01,-1.1874999999999999e-01,8.1250000000000003e-02,5.8210709999999999e+03,2.2582570000000001e+05
1.4700000000000000e+02,1.7175000000000001e+01,1.6231249999999999e+01,1.1718750000000000e-03,1.2750000000000000e-01,7.4999999999999997e-03,8.1250000000000003e-02,-1.1874999999999999e-01,5.9846639999999998e+03,2.7204309999999998e+05
1.4800000000000000e+02,1.6925000000000001e+01,1.4543749999999999e+01,1.2656250000000000e-03,2.3250000000000001e-01,2.3250000000000001e-01,1.9375000000000001e-01,1.1874999999999999e-01,4.7365439999999999e+03,2.1419550000000000e+05
1.4900000000000000e+02,2.0925000000000001e+01,1.6343750000000000e+01,1.7656250000000001e-03,-7.4999999999999997e-03,-7.4999999999999997e-03,-6.2500000000000003e-03,-8.1250000000000003e-02,7.3697370000000001e+03,2.7542250000000000e+05
1.5000000000000000e+02,2.2925000000000001e+01,1.5443750000000000e+01,1.5156250000000000e-03,1.1250000000000000e-01,-1.2750000000000000e-01,9.3750000000000000e-02,-1.8124999999999999e-01,7.2638000000000002e+03,3.1774720000000001e+05
