4.1333552999999998e+00
4.1061439673469389e+00
4.0789326346938770e+00
4.0517213020408160e+00
4.0245099693877551e+00
3.9972986367346937e+00
3.9700873040816327e+00
3.9428759714285713e+00
3.9156646387755099e+00
3.8884533061224489e+00
3.8612419734693875e+00
3.8340306408163265e+00
3.8068193081632651e+00
3.7796079755102037e+00
3.7523966428571427e+00
3.7251853102040817e+00
3.6979739775510203e+00
3.6707626448979589e+00
3.6435513122448979e+00
3.6163399795918365e+00
3.5891286469387751e+00
3.5619173142857141e+00
3.5347059816326531e+00
3.5074946489795917e+00
3.4802833163265303e+00
3.4530719836734693e+00
3.4258606510204079e+00
3.3986493183673465e+00
3.3714379857142855e+00
3.3442266530612246e+00
3.3170153204081632e+00
3.2898039877551017e+00
3.2625926551020408e+00
3.2353813224489794e+00
3.2081699897959179e+00
3.1809586571428570e+00
3.1537473244897956e+00
3.1265359918367346e+00
3.0993246591836732e+00
3.0721133265306122e+00
3.0449019938775508e+00
3.0176906612244894e+00
2.9904793285714284e+00
2.9632679959183674e+00
2.9360566632653060e+00
2.9088453306122446e+00
2.8816339979591836e+00
2.8544226653061222e+00
2.8272113326530608e+00
2.7999999999999998e+00
