4.0256454139750000e+00
4.0006322422612248e+00
3.9756190705474488e+00
3.9506058988336736e+00
3.9255927271198980e+00
3.9005795554061224e+00
3.8755663836923469e+00
3.8505532119785713e+00
3.8255400402647961e+00
3.8005268685510205e+00
3.7755136968372449e+00
3.7505005251234693e+00
3.7254873534096937e+00
3.7004741816959181e+00
3.6754610099821430e+00
3.6504478382683674e+00
3.6254346665545918e+00
3.6004214948408162e+00
3.5754083231270406e+00
3.5503951514132654e+00
3.5253819796994899e+00
3.5003688079857143e+00
3.4753556362719387e+00
3.4503424645581631e+00
3.4253292928443875e+00
3.4003161211306123e+00
3.3753029494168367e+00
3.3502897777030611e+00
3.3252766059892855e+00
3.3002634342755099e+00
3.2752502625617348e+00
3.2502370908479592e+00
3.2252239191341836e+00
3.2002107474204080e+00
3.1751975757066324e+00
3.1501844039928573e+00
3.1251712322790812e+00
3.1001580605653061e+00
3.0751448888515305e+00
3.0501317171377549e+00
3.0251185454239797e+00
3.0001053737102037e+00
2.9750922019964285e+00
2.9500790302826529e+00
2.9250658585688774e+00
2.9000526868551018e+00
2.8750395151413262e+00
2.8500263434275510e+00
2.8250131717137754e+00
2.7999999999999998e+00
