3.7236522999999999e+00
3.7048022530612243e+00
3.6859522061224488e+00
3.6671021591836732e+00
3.6482521122448981e+00
3.6294020653061225e+00
3.6105520183673470e+00
3.5917019714285714e+00
3.5728519244897958e+00
3.5540018775510203e+00
3.5351518306122447e+00
3.5163017836734691e+00
3.4974517367346936e+00
3.4786016897959184e+00
3.4597516428571429e+00
3.4409015959183673e+00
3.4220515489795917e+00
3.4032015020408162e+00
3.3843514551020406e+00
3.3655014081632650e+00
3.3466513612244895e+00
3.3278013142857144e+00
3.3089512673469388e+00
3.2901012204081632e+00
3.2712511734693877e+00
3.2524011265306121e+00
3.2335510795918365e+00
3.2147010326530610e+00
3.1958509857142854e+00
3.1770009387755103e+00
3.1581508918367347e+00
3.1393008448979591e+00
3.1204507979591836e+00
3.1016007510204080e+00
3.0827507040816324e+00
3.0639006571428569e+00
3.0450506102040813e+00
3.0262005632653057e+00
3.0073505163265306e+00
2.9885004693877550e+00
2.9696504224489795e+00
2.9508003755102039e+00
2.9319503285714283e+00
2.9131002816326528e+00
2.8942502346938772e+00
2.8754001877551021e+00
2.8565501408163265e+00
2.8377000938775510e+00
2.8188500469387754e+00
2.7999999999999998e+00
