1457604.4814369 740219.332300791 214873.718021635 20.9025499250034 304.046563246183
1465529.8508395 739254.978867617 262384.684721527 21.0162024498972 304.994881962891
1451953.52281995 827088.248147749 285495.997261511 20.8215132335557 305.948511099837
1433527.38112005 830459.829960185 309725.178518319 20.557276019886 306.627194932408
1492317.33371136 653546.957692203 257589.404523057 21.4003441736811 304.475079711378
1567584.97865712 710621.136199003 199229.046566498 22.4797081069376 303.41000587105
1480986.7501339 817229.330536903 310018.284456285 21.237859705553 306.324350152976
1474472.34805822 792354.371026526 276771.690958684 21.1444409377373 305.501674501512
1479539.87675267 858075.668634316 289366.39850511 21.2171110432983 306.053251065792
1442163.82131819 812943.970836447 294337.66133904 20.6811255447159 306.129288925544
1392594.7786667 788691.685090349 291900.437952054 19.9702884130023 306.193414002536
1406203.26945351 675050.2195499 265773.652192511 20.1654388544959 304.974476456077
1341878.34585417 687580.820132443 247965.203858293 19.2429973114843 304.895393486497
1416347.16012848 801780.689424052 281523.055028892 20.3109057379802 305.90212469724
1641623.53309494 676077.707955087 194237.979413962 23.5414464592965 303.115791947745
1392375.3370899 755724.306988214 289260.334098895 19.9671415452663 305.9460118669
1364181.44609678 717693.778973335 249201.377591157 19.5628314449825 304.980193024888
1333588.11977038 680652.597695794 276779.919376535 19.1241126162101 305.509136635918
1409171.36572621 784242.527502659 292071.423628178 20.2080023765709 306.089496044408
1541800.52890651 706412.230401251 263087.225904761 22.1099502233247 304.656231855239
1379746.07461899 723106.517277236 288356.076078895 19.7860335748421 305.799857090635
1554810.45717184 689519.190617991 216219.837352153 22.2965170722539 303.694030466333
1582919.64008383 803974.301888825 246111.923450774 22.6996124295004 304.555857545842
1447736.46562226 831087.849497534 284101.946975847 20.7610391819636 305.954777609787
1399345.81009913 746655.345158096 359145.055706801 20.0671005272342 307.468354431401
1479322.44597153 813238.256895732 264608.754667599 21.2139930110641 305.305978749815
1504816.93364725 816886.927328777 234241.422754314 21.5795927387273 304.573155466296
1294691.49836833 674024.032096024 286914.926363554 18.5663216783221 305.87373313916
1380812.36042161 661063.702518253 326534.92883023 19.8013244802334 306.237140203748
1549727.76482785 868736.779049933 245962.412298786 22.2236295147398 304.853000203123
1248526.354063 646753.344352133 369831.720417122 17.9042976204063 307.893765157268
1373400.40933589 695512.209068742 236544.664187132 19.6950345507059 304.578973268556
1332282.59246089 706780.955571466 345749.492525914 19.1053909052708 307.269481633723
1365379.83689544 747613.375194773 276477.610965107 19.5800167814833 305.735261484948
1385369.77270636 723655.501980295 241461.528912553 19.8666793409134 304.76236429471
1405965.05106613 801687.25723628 305162.949621183 20.1620227208337 306.508206645656
1332538.52603602 714486.198460555 300231.74406947 19.1090610808225 306.247069281034
1391357.37136315 698248.116196117 255009.811598019 19.9525435663932 304.912958544008
1443932.61788472 740987.221673252 242417.310164075 20.7064906962436 304.657196853493
1313729.78225299 690864.644200392 316760.398224776 18.8393372216013 306.569540710144
1463959.93132674 737367.383562706 214805.268483042 20.9936892637678 304.018846178086
1481333.1814 767217.253063149 289422.211214392 21.2428276491396 305.633905833536
1374151.63412358 763640.309308839 308040.541482908 19.7058073727091 306.526376034191
1445032.90518648 825612.663327949 310784.409134273 20.7222691948348 306.564024389255
1390571.8484219 721208.630187997 241755.74442447 19.9412788970636 304.739721240388
1182930.70992852 622782.301563739 310263.915785241 16.9636335075792 306.679971192889
1481523.68398468 805640.722153804 245445.065626661 21.2455595217689 304.848825139066
1372311.64307894 743413.884982852 277791.45472983 19.6794212678624 305.709965619314
1554889.54017992 798352.574763719 206714.617639213 22.2976511498076 303.810647013795
1382937.07225976 724372.547713014 241564.123777317 19.8317935792509 304.776355290474
1250312.73541235 673069.418985557 409054.872242214 17.9299149437718 309.225727729372
1366301.71632297 679372.846135929 271525.693020999 19.5932368497557 305.256745580415
1594689.01565887 880713.520117596 229481.799965393 22.8683893258921 304.403349025124
1434725.82387186 810676.132189434 296612.287243038 20.5744621014129 306.206538356289
1533890.67857675 846072.909117403 235923.357571104 21.9965202472765 304.616742567949
1418767.56059911 802284.891547519 280890.513504547 20.345615113754 305.878570364408
1443314.78244589 651867.731139879 368259.317229625 20.6976307234115 306.744137124707
1518121.28178512 742074.407517553 196607.370448721 21.7703816699588 303.539919957003
1502213.35037912 735750.977981293 230848.532863727 21.5422564585916 304.235710361606
1437053.71749262 704323.776308938 215573.260197191 20.6078448971217 303.995693104613
1487275.97845737 871753.683764458 281382.400369435 21.3280494042643 305.893130739977
1418296.56661871 771705.691396553 276144.079099038 20.3388608979738 305.617323122734
1369696.30088869 698164.712539911 282546.526054977 19.6419163607365 305.577383237426
1706759.02332769 805757.975540243 180668.532702732 24.4755118068025 303.035145865719
1319993.42105589 685928.498194895 253169.146638539 18.9291599577805 305.085293384952
1290099.95184693 685194.274700703 301996.051669167 18.5004773209407 306.319452195668
1538578.96102411 824916.858310572 221774.996601193 22.0637518311296 304.237471041723
1342336.67719307 643172.093612668 365783.269492044 19.2495699406272 307.13579500524
1277476.54875698 679704.337257532 285694.823587384 18.3194533760562 305.97385201871
1375182.99093223 727543.288941869 264276.404282551 19.7205973843054 305.312866896973
1647900.98189683 794042.540706981 260496.65642319 23.6314672356142 304.641711174521
1406636.28050767 779454.761346606 273796.014126333 20.1716483820412 305.653892030965
1488307.90200829 788204.999411864 253405.93879745 21.3428475431399 304.930230639317
1630491.55460362 766476.126891622 172977.209991682 23.3818100564573 302.931317659921
1414225.66922363 680745.663024189 308083.369991656 20.2804828282548 305.834522678455
1665912.51672341 820702.936172262 268946.330862144 23.889758844026 304.841027571402
1470792.18159769 858675.969600909 290403.185738897 21.0916660840969 306.121298730544
1312881.47476764 690211.016524007 296148.008946936 18.8271722003007 306.095729856812
1276680.18372424 694001.183539379 318224.846132463 18.308033227403 306.857348130315
1255084.18028039 690147.200187908 341058.331084695 17.9983391053593 307.55558428819
1518127.31293061 657479.236791954 300406.383961877 21.7704681586608 305.208206598493
1621356.061319 732187.163842833 251133.551672667 23.2508039386089 304.332109905321
1461183.4871021 830196.785144739 282427.113747103 20.9538740980225 305.850634053409
1468557.51034877 827942.636795334 258948.988183086 21.0596201292845 305.281584522325
1483857.11041539 646538.829947135 340788.900039803 21.2790216598766 306.009747008031
1511735.70820564 828310.932541167 250033.671216197 21.6788103471172 304.931218375429
1353261.87693063 715444.122302233 252590.834533078 19.4062410649707 305.086086116381
1239602.67478823 649327.346110405 287817.432109532 17.7763289883589 306.017072037907
1418909.38892447 748910.436010442 310584.578790451 20.3476489807524 306.265447199117
1395059.59574695 655257.972227338 255973.359217925 20.0056347382449 304.724661428702
1341268.38395914 703776.98752586 283901.542225536 19.23425024798 305.765279477989
1581940.11724358 853087.402664671 220510.656718899 22.6855657348506 304.177014554281
1365420.70386381 735029.942151136 261724.434514383 19.5806028278749 305.334998473118
1298541.28124611 699514.049852847 312988.473516051 18.6215288897626 306.635191075394
1441449.88624328 729048.681011375 318775.712334223 20.6708874700279 306.227253835336
1578996.27089857 672074.660151735 326717.767875542 22.6433499650846 305.578999184882
1616235.31426836 870754.110283911 255801.973217125 23.1773706635042 304.863646719773
1421470.23678837 812367.066118883 297553.755288724 20.3843724204834 306.304370556166
1399724.8878901 740186.727685335 252383.741176891 20.0725366332233 305.017866718025
1514502.66910293 852296.135796382 286411.644999548 21.7184895186844 305.807968366667
1541588.68915768 736861.0469118 192266.440342583 22.106912368418 303.393068785776
1522182.65026362 796709.823911809 216594.012263984 21.8286230917345 304.088165576678
1514388.79045754 749900.749801422 316611.189661693 21.7168564597161 305.993260806376
1362786.9536351 771994.843436072 325755.984294224 19.5428339431419 307.075938930547
1487587.64080255 813322.397566799 286670.26737581 21.3325187495585 305.756930508331
1541848.04972984 699421.243882301 292750.59699892 22.1106316882864 305.190108059703
1242225.6982218 663156.459085852 299825.715599007 17.8139440471577 306.386214246869
1453602.66965718 812846.385104224 269573.677183937 20.8451625667855 305.516342890104
1363580.80867894 654084.963383503 355834.231651035 19.5542180976903 306.892873289077
1262380.07500511 652947.663735953 282644.052099255 18.1029647467271 305.802913414351
1417316.19682895 807665.83754172 300572.091135024 20.3248020577766 306.371856368202
1582367.43944849 775441.182011811 237125.66833343 22.6916936823398 304.288229008136
1725956.24826793 763864.071186347 168112.028220298 24.750806619521 302.700335293726
1411648.17510798 800120.063479371 328121.444813963 20.2435206755446 307.016464698431
1369331.89212826 703137.42800955 256674.911758294 19.6366906136939 305.051384824315
1649811.98518073 731471.026042289 215394.572665584 23.658871680412 303.615075045855
1380348.53798307 673989.444293243 295466.236110883 19.7946731068318 305.67099730948
1342727.38408558 698267.726714461 264577.645249081 19.2551728119347 305.302964982964
1160804.26978107 605607.933869304 380009.555894219 16.6463327406464 308.438688291644
1439210.42484732 722526.634543667 277753.149125698 20.6387728228584 305.329827997163
1530219.03546417 820946.924669415 249805.695933868 21.9438676213791 304.840307439546
1448157.67897033 797197.055604075 278895.674248142 20.7670795263432 305.677205979039
1474305.08970643 836153.433100999 277185.922049578 21.1420423954077 305.700749022503
1569833.54577011 855238.465907878 222532.731911899 22.5119533332234 304.256903921203
1504220.74427493 744963.846391807 199142.030471304 21.5710431779388 303.628610974968
1472825.42312784 749322.144923158 230752.692073096 21.1208234674164 304.360072792387
1508369.65583445 860874.855309345 258493.973324845 21.630539997626 305.24436786734
1481455.66358858 833777.489018036 253452.969750248 21.2445840858783 305.133014502495
1487523.25130762 768107.691834427 264696.818378178 21.3315953820404 305.091063573704
1701036.311005 897255.850501238 191656.187418223 24.3934461425191 303.424895233803
1566775.08463701 912208.262660265 246929.061503948 22.4680939479495 304.954552707771
1443840.97897192 777929.566289311 245398.889623013 20.7051765626949 304.868195355222
1561705.1595807 739325.765262818 211661.525340265 22.3953894777348 303.733238739936
1474877.2362097 795669.763887789 274890.133949789 21.1502471731793 305.473640289756
1589886.60817716 837311.505832976 226552.335576926 22.7995211497681 304.238404963283
1427428.59275016 771258.808097498 342173.91366421 20.4698172956524 307.07414860037
1341986.71188658 630888.294511547 307008.805122169 19.2445513176852 305.806802820727
1399572.61642273 752308.458956443 290101.497933519 20.0703530079742 305.912546984516
1276330.02629421 691534.605115852 377601.146885081 18.3030118493433 308.347017145832
1594270.15795061 646171.449543693 287217.531903078 22.862382762198 304.725973175176
1579064.39501586 691966.035320374 177503.07411927 22.6443268883727 302.943195452171
1270319.94019623 688224.065356391 341725.550209526 18.2168251462174 307.436872925671
1447966.56114761 729606.665574491 223419.439384291 20.7643388309887 304.211378780638
1207103.5459677 626090.643460721 306245.038230382 17.3102802959039 306.452897678739
1334503.03412554 695617.640558999 289829.401693528 19.1372328029476 305.880046720181
1560319.31921435 858399.828482965 223325.992144083 22.375516049919 304.308292695004
1260444.6063059 663820.388226559 318345.521509868 18.0752094594537 306.716378991578
1251605.7235929 689424.348003256 378719.364668286 17.9484568392863 308.582017490473
1526110.46354406 780401.157710487 224471.277878154 21.8849492860047 304.189785942964
1453196.54461812 779118.598625664 287921.428741298 20.83933859395 305.770211395181
1476751.08958441 750863.398529768 228894.579566154 21.1771188754934 304.316286187001
1353155.87211099 708961.647169309 321994.998642794 19.4047209193737 306.601078145701
1343114.74413467 703693.455733991 283665.645245751 19.2607276883557 305.750895153792
1350638.04544526 671790.292804404 301992.120397638 19.3686144184311 305.922837650299
1216437.79006402 649102.659482869 368466.129202753 17.4441365687957 308.159622711922
1537594.83000927 877030.463337271 269826.783719832 22.0496390536702 305.445358201984
1481350.01646358 813253.524525965 264206.590203589 21.2430690697454 305.289588858005
1445918.4471226 750567.402819349 236549.636092025 20.7349681709741 304.565367544586
1594899.70026269 899671.621984771 246677.64071166 22.8714106156217 304.821163080595
1425315.11729014 718289.680478617 350023.110350612 20.4395093301646 306.916496454984
1429601.32344487 769132.616923592 297408.589657724 20.5009750015994 306.03328430711
1397359.9979285 800288.234347067 306920.571946437 20.0386232972539 306.58999590453
1630240.73068036 663827.659789765 264282.596597791 23.3782131550721 304.321465820542
1507688.15537206 785264.192608844 226572.646029122 21.6207670464445 304.297718310652
1546453.60461268 854142.393936745 228866.802967148 22.1766769303922 304.45304425647
1344627.38209883 723110.134810039 293568.147575922 19.2824194373638 306.08548764125
1343466.08614554 708142.52585474 302616.726515199 19.2657660537124 306.202912863578
1485586.70075694 680675.834725279 215794.385053858 21.3038245806445 303.804688218074
1367580.0213853 733199.016786805 262389.693511721 19.6115681843016 305.331389209854
1293155.44029928 690786.07063505 276916.698078891 18.5442940769495 305.763145313276
1523291.83915182 857050.056778011 257404.570606611 21.844529242139 305.152061179096
1502391.8696182 833233.730121679 249465.853630958 21.5448164859206 304.968375630674
1399454.68834933 714424.112480672 267295.984966196 20.0686618788145 305.217626860589
1258750.33274077 663372.510727328 298021.816088682 18.0509129934145 306.246757099214
1328511.35460925 702651.789576875 286481.03585899 19.051310056538 305.877511280231
1245136.38788995 664700.966850338 338709.982751171 17.855684338766 307.324966789493
1600639.24743733 920870.403801173 235248.505911489 22.953717697476 304.618491612758
1294635.7867554 606665.408885779 331155.359892078 18.5655227546186 306.35137697917
1348902.31297005 707156.461846625 258219.945650647 19.3437234173525 305.18516954322
1547185.72323838 775487.626204866 195538.64104521 22.1871757634567 303.543459912736
1445665.65865227 838719.005058073 303969.123627826 20.7313430973078 306.46886471892
1481141.9279745 732091.278038421 238471.208303302 21.2400850091946 304.431958104036
1455707.10166354 785226.356934646 238881.271298482 20.8753408460355 304.71531332863
1306676.6747224 690972.896231833 274856.901359379 18.7381932321568 305.650778659665
1396786.48187292 712444.237732862 357111.525609901 20.0303988796307 307.187403463869
1361728.50515007 668881.167976993 388387.656890134 19.5276554275822 307.754070646195
1340566.96489301 711383.667507023 301053.87698389 19.2241916571655 306.203383150469
1487793.78978363 795786.943103192 295966.158332013 21.3354749968972 305.880215644356
1684052.17368903 895396.438352367 197749.810439432 24.1498877680071 303.576249081919
1493871.48600478 770449.484600973 333285.424982474 21.4226312524586 306.535973372138
1482241.64766506 843503.627550742 272069.936456513 21.2558553680458 305.583107537145
1471850.92881238 809914.248179894 245226.990553285 21.1068488835427 304.893246952862
1290147.00405596 703153.104894628 331328.066509222 18.501152065812 307.166799049002
1255468.71989878 659023.345692933 341907.466708544 18.0038535358334 307.274402008816
1408410.3187532 734495.784806754 253864.517243342 20.1970887010497 304.992168927505
1345436.81386143 684055.282410952 272622.724425508 19.2940269674201 305.388378528581
1510413.73676497 836134.561671134 295342.755128433 21.6598528216774 305.954374917796
1357255.80273281 716656.994951397 251136.139175043 19.4635153355565 305.044324102282
1422483.77987771 775528.705257937 251044.601383254 20.3989069772138 305.059260224447
1597562.24968903 827675.943309504 204172.145522401 22.9095924907604 303.73953700747
1504125.57465229 774692.987780392 304508.621179272 21.5696784127957 305.899831516093
1439409.27197975 676851.449689146 256835.523643722 20.6416243591743 304.700676572552
1254039.5802194 668260.173834014 295453.196109588 17.9833591809666 306.251088700249
1417565.79595739 745592.703105422 312712.693965884 20.3283813951825 306.300027698459
1493381.5523874 852229.427620849 265660.098855213 21.4156054357657 305.429182590264
1308654.64625811 733275.869600334 331233.711319837 18.7665580247339 307.289714549171
1732591.25666258 700702.895573971 234500.668436987 24.8459549234595 303.739110576152
1406620.48314686 563039.882314201 343238.639547504 20.1714218424502 305.787511849459
1645208.85956794 763222.401846996 169454.324012762 23.5928612748748 302.835671422024
1696096.5950317 859844.814833335 183303.822622201 24.3226089153685 303.20139804518
1545241.44570531 894441.660216704 259863.64032991 22.1592941544739 305.257989090222
1405580.68343796 660193.105627251 250330.238162156 20.1565107567585 304.603222747284
1565525.65034432 897127.607052909 254386.370300687 22.4501766301767 305.07498311596
1393801.50026142 661583.557827233 346652.078008998 19.9875932159859 306.602029824937
1376730.06643936 699390.098631134 233512.817325121 19.7427829795319 304.521180778902
1493266.39220592 816124.761128046 284164.526393292 21.4139539991289 305.691092457354
1387995.60637954 714478.146866295 269496.782998961 19.9043346995153 305.308822219788
1668793.39983392 739181.729010763 286160.798999526 23.9310716993392 304.891074627653
1361902.75090651 761176.444444786 331898.260501541 19.5301541716995 307.156283722416
1525731.21802078 760725.914344636 210127.84293009 21.8795107746765 303.842593374481
1445420.32304419 739482.444324523 218453.426915703 20.7278249002513 304.151034615249
1251207.98601179 616789.004475743 350610.699668268 17.9427531454846 307.109822625196
1381272.50851982 694687.742219807 282546.66956435 19.8079231623301 305.510718005488
1478589.24018425 757563.989773595 272563.197859252 21.2034785877282 305.241911178158
1587936.29794753 832526.285931336 204372.871247212 22.7715530298403 303.776891059006
1601207.73727718 652882.751615094 223896.510207831 22.9618700374357 303.642039179958
1724863.12823076 781005.051293291 245335.936013368 24.7351309019708 304.152972896259
1512943.37735648 842748.259944797 266683.216281735 21.6961287383816 305.340115808262
1323176.45138842 661078.28050541 334604.372545851 18.9748057082469 306.698267927178
1445203.63670739 782045.811299731 265597.465168869 20.724717543605 305.322455811554
1243252.94498966 652724.36600284 285233.45667751 17.8286751193545 305.962216294334
1296005.0352074 650885.259026918 384575.290738049 18.585158248672 307.939030458441
1318369.1380663 694610.534549315 270872.945731465 18.905867180683 305.528153459333
1499402.00144084 767644.276728075 238370.074918803 21.5019407472396 304.504956649871
1414197.53113775 723378.671017561 282159.628919616 20.2800793184189 305.521619576543
1515094.34059782 817088.248508632 255208.149161791 21.7269742915557 304.990400929687
1521949.07516213 849565.237013202 261433.825454079 21.82527354439 305.217898539556
1505664.24072292 859632.006717568 259638.354518955 21.5917434138086 305.27540718339
1376533.49789046 766874.421319221 305942.507107248 19.739964118888 306.483558741235
1555580.63511159 653279.439656346 319638.284059312 22.3075616889807 305.425662931606
1385091.53897062 734481.284505184 345136.281786495 19.8626893733837 307.138824190779
1356618.78092308 726234.676091931 268262.202044674 19.4543802235624 305.473161438783
1444837.49121993 814496.907157524 293120.69497819 20.7194668912992 306.096355804889
1506024.36748951 791766.064734411 223451.304837623 21.5969077555856 304.258416490412
1275069.53940105 702560.480372026 351311.548303955 18.2849360334759 307.785947127163
1343187.75386404 755364.79197445 336616.110124606 19.2617746730025 307.354934405447
1374043.31175631 689511.949704157 287011.671449544 19.7042539926814 305.6066551596
1310532.32686811 697645.975573406 291943.447347673 18.7934846109193 306.061305088568
1316145.70122759 725176.64984354 316053.979484953 18.8739823311796 306.794846483695
1412846.76227744 811576.881802224 299091.92144238 20.2607088280704 306.381746930849
1580573.75770925 811323.472040531 217840.4071093 22.6659716688707 304.011658089721
1472894.20913998 822102.45217446 284652.931640588 21.1218098825045 305.812982732149
1477226.57903852 762015.895603785 293165.228960971 21.1839375579138 305.704826262406
1395789.13588688 741267.14919993 252551.588691844 20.0160965949361 305.041237545386
1452178.71648295 791716.058432553 258973.725410434 20.8247425881876 305.192500457904
1268135.2373954 679217.987638705 328082.03774368 18.1854957561482 307.031271408609
1539845.62778096 768096.097335993 201873.072744695 22.0819162683693 303.666312441267
1298761.75544071 704532.236882766 289276.819603332 18.6246905655934 306.108543626251
1368514.86445317 751008.987897168 315884.354331688 19.6249741556383 306.662643756217
1414728.8551389 691231.573028329 324175.196688006 20.2876986874603 306.231179670773
1733134.45291316 712981.28249134 255197.125121913 24.8537445446438 304.127627306801
1526994.25680563 805452.641421663 258797.925595224 21.8976231855492 304.984955804256
1561020.93766917 900054.810608449 253930.738594171 22.3855775000358 305.089855144047
1522062.76524186 742289.996729467 271599.907781464 21.8269038992618 305.017973660677
1333755.61847725 698423.513157606 288248.272006635 19.1265146053143 305.865628756086
1398936.65142892 800707.383746402 306516.078212563 20.0612330510839 306.573856795638
1323922.46857618 727161.270434983 293798.601787999 18.9855038514749 306.226850993137
1609382.68874923 867300.860618595 205872.328937174 23.0791016551037 303.842923650584
1314449.86365788 596430.752045775 335490.116318243 18.8496634367765 306.264624869988
1339999.5923572 735438.154847042 287010.799400628 19.2160553397304 306.033595087939
1421679.91972147 773041.020971077 252561.873152746 20.3873793459102 305.084999546141
1532402.1580496 850064.029651414 259016.343056118 21.9751743506157 305.130297584102
1522012.04780068 825004.770369078 249512.337108515 21.8261765937001 304.874469450438
1405507.89818402 794288.281628041 287117.2219494 20.1554669911666 306.04615900872
1268975.75719317 673332.470827137 290645.955670573 18.1975490993285 306.090431769364
1541978.64710503 840784.64218804 236743.176536455 22.1125044995942 304.592986604633
1316622.68955399 710798.305422052 283295.630492681 18.8808225079444 305.91516890164
1260270.55632692 652586.545369126 365490.801404611 18.0727135228526 307.755724954631
1564101.00916308 856148.73280971 248985.867465279 22.4297467853214 304.831998752432
1694561.73003096 749047.280509135 189149.844292278 24.3005984230062 303.101854203841
1418537.47363417 605059.411249388 334377.834383107 20.3423155874882 305.86848369812
1384901.22938883 738372.719170768 256288.661162849 19.8599602684822 305.151516463918
1588790.68293031 717845.012208236 319784.115172229 22.7838052045455 305.645126727895
1391211.19894409 631213.021759189 412085.791013755 19.950447403596 307.7444490168
1378184.43971402 753448.95447857 271182.80295808 19.7636391928397 305.587082562443
1402949.80032347 793917.612985006 332332.007845444 20.1187829874303 307.131399309955
1444486.94207653 753538.527417324 303869.112213051 20.714439895935 306.026850283526
1396892.40777752 776602.845752858 297976.711847521 20.031917893559 306.245652899628
1511234.48269296 883620.318922536 271525.708815522 21.6716226007594 305.612213218004
1397743.33360875 769531.072655963 323656.830267335 20.0441204628406 306.798201339252
1434607.11416793 810430.118814801 274075.177414085 20.5727597634025 305.688780989802
1349796.65260443 730706.582583339 288425.388973366 19.3565485555128 305.987686725583
1464745.17541807 844882.248428286 298213.318537982 21.0049499342935 306.267540594291
1744550.26809646 637697.578261508 177267.503851185 25.0174512633336 302.619676217583
1537397.9241681 855928.217376805 255016.700295959 22.0468153561391 305.04703754444
1372792.87362619 754227.976874597 271608.31148092 19.6863222795343 305.625231779566
1389122.72456678 690146.509801043 283829.829101674 19.9204979622387 305.482172695171
1378366.64354935 767707.382649352 326728.128506291 19.7662520585471 306.973051147109
1588483.19540064 719824.99593079 186554.710203785 22.7793957275426 303.157807441631
1355307.45657242 747569.981830941 298929.826282942 19.4355753810577 306.309255222462
