733779.413063759 1430265.38097477 190308.633065801 10.5226493269182 303.724414244017
836523.148218218 1253658.01866002 151049.605683843 11.9960298501656 302.560503106459
649168.959741702 1253005.6739796 237447.322317458 9.30930630604736 305.033675752311
903963.109983604 1255028.49462665 198300.500996312 12.9631421125756 304.019972233279
639658.696416294 1328385.6628147 198533.44958656 9.17292585683023 304.003815990284
635407.906956187 1340178.70099331 243066.758674336 9.11196807298547 305.141209030394
744376.876376721 1503382.23348981 180673.552754344 10.6746205981365 303.504825416065
1061926.35714485 1241394.30291777 233066.512718926 15.2283894428038 304.908577418322
875538.783301492 1413406.50253924 184840.867337164 12.555527485203 303.500298299951
962112.951574932 1171585.79325183 177056.844190736 13.797030854325 303.528544632015
662079.180314392 1357346.13225181 183666.402692744 9.49444331234788 303.53533063109
1156284.83217287 933242.633613383 164955.830936067 16.5815224498977 302.474305262985
759585.400304639 1189466.03580906 168599.50928921 10.8927160655541 303.18467327206
831880.471581475 1395323.79698657 154764.981607091 11.9294522693328 302.520155681801
963748.934885261 1219160.5502395 275072.565617674 13.8204914180487 305.406329908116
757612.843279531 1207608.31289983 177825.900360308 10.8644289189225 303.230471080327
631948.552840635 1218516.65209491 235680.876745675 9.06235974436858 305.022162886172
1250896.36314891 815687.645385407 233969.309270025 17.9382843663802 304.14353632084
691121.592968351 1244897.91679348 224194.304110797 9.91092150528228 304.53618411098
651516.370948836 1400208.9791937 276144.360346049 9.34296899066209 305.822843159152
730210.818219796 1293085.56230771 156597.000675411 10.4714744486586 302.788774878468
620547.585728907 1213991.57915466 270742.765387604 8.89886595213538 306.021818280131
910371.872507837 1127438.50039136 203655.697177535 13.0550459728657 303.602341251194
517243.286648488 1390548.2663958 225361.734542886 7.4174467492613 304.298793751373
801208.774355487 764905.414825819 317806.643856732 11.4896095748875 306.104247472705
576954.361134832 1336233.51271074 252530.718988989 8.27372410805209 305.190210707449
628161.820698173 1394682.74680541 223763.549310073 9.00805670217266 304.554957138494
584988.839843325 1552421.84852565 226752.322187398 8.38894129794443 304.686706859855
734061.677602119 1193855.86963779 195061.176951191 10.5266970975447 303.893779544794
616765.087932097 1377145.3733333 276433.110895423 8.84462363191344 306.088283849846
770475.157325113 1251136.15475752 211421.07426389 11.0488789291364 304.183632193965
908622.118972652 1165795.48589588 266648.26547831 13.0299539049616 305.855131431282
765090.167709802 1324108.7674232 178521.427069168 10.9716563247103 303.45687402237
739968.061686255 1109957.86432163 210602.049710234 10.6113966781012 304.043514116481
803148.41884262 1473194.07876474 193844.304697528 11.517424744397 303.779154107181
728904.179202957 1355777.59907733 219579.715716328 10.4527367954535 304.504488368997
1172144.95337328 1134620.33677701 235673.561102607 16.8089620464619 304.247643954848
626885.150738913 1249585.94511555 293611.861797229 8.98974881556759 306.511296077934
576611.8633994 1451529.08115425 211338.670329035 8.26881257264914 304.075744976198
719547.147462032 1341381.61670119 208265.233567392 10.3185537398953 304.067464682202
651971.43740895 1420145.73636119 243353.403057292 9.34949480031956 305.263439102076
576360.603399856 1126088.438432 210766.909867697 8.26520941777996 304.833264897947
808102.293446441 1154971.78469233 287415.339846111 11.5884650111822 306.402578264312
889328.804440045 1082886.42537528 146447.642735074 12.7532811344175 302.351019377311
916674.112915278 1069289.91721671 176554.550776231 13.1454222693395 303.240165299204
652226.765271601 1670441.60815371 194984.967037527 9.35315628974571 303.86899452668
848789.269058007 1200507.19269543 165919.809787148 12.1719302446177 303.126655940824
636510.360119869 1196554.24994887 266687.985723552 9.12777763078206 305.47075727508
707034.993226567 1026081.04105437 289846.73310892 10.1391251418724 306.492658628579
736130.144076819 1615051.57396413 154240.091330879 10.5563596186924 302.714582985396
845246.662014952 1219919.04644666 258047.824763644 12.1211280403674 305.502048636817
770315.396250533 1308804.49003399 211022.310998203 11.0465879003422 304.148482697141
1050026.67194388 633657.64878059 256676.101421856 15.0577438615279 304.961285012582
755626.7794309 1467058.53381554 186671.13603915 10.835948079793 303.583451283273
928449.063785902 1542962.32884163 167009.864676535 13.3142791173886 303.1650768387
729826.000825815 1237678.54358624 176408.51095384 10.465956034787 303.386380250174
719998.148863496 1333995.94704176 318120.099590658 10.3250212552127 307.330674747155
608339.459894274 1288363.15508926 251858.698327678 8.72379722601731 305.448338207847
753678.415511463 1218402.99141714 220757.455053707 10.8080078706233 304.622710514719
745327.503507963 1222732.3138391 283547.484254344 10.6882529183742 306.153924290047
623628.07289499 1258617.11588682 232153.870187857 8.94304119830291 304.854666281054
886706.046004938 1333454.20361556 125345.846039089 12.7156698757878 301.935957381921
645515.057451483 1096197.71761191 213497.544396741 9.25690808964841 304.235805468841
583310.45356726 1496282.42169692 175370.05254794 8.36487266109838 303.22849701958
937117.890135794 1159300.13624507 169375.181146138 13.438593070781 303.033887434521
642372.32661837 1482561.53577053 242462.754245643 9.21184024787338 305.234968697545
719344.601003539 1394504.4739875 236079.409920211 10.3156491539704 304.803680177406
787616.009382236 1205511.15704089 205803.613383906 11.2946846469728 303.919121779299
1542372.21287786 937836.054644871 196594.604603608 22.1181483682293 303.192778203846
1497426.52144157 906260.498272598 123505.504162517 21.4736116841526 301.647011391479
760089.74706074 1534478.84145302 183386.249056805 10.8999485716167 303.478497702416
799776.393418633 1156161.29949924 205513.303198783 11.4690687392729 304.200986460235
746825.677034471 1103050.69829407 341497.526413422 10.7097372423681 307.660877106591
577607.700754023 1276341.7173191 233087.82311594 8.28309322305004 304.787316889978
788858.004552779 1206448.7898074 177277.595765435 11.3124952851737 303.314218931659
668519.627384533 1235116.81971368 344425.108775394 9.58680153993116 307.803178479488
691416.232109279 1317197.38203305 141817.044536281 9.91514673196863 302.423824139093
962505.263007596 1228516.99968255 161319.88288874 13.8026567352906 302.955956417482
892892.056054097 1340723.13805851 213192.732476618 12.8043793889211 304.327262100046
593793.612641696 1404230.87135948 182539.789504168 8.51520477019641 303.565832163514
1040157.69713528 1087092.28592687 259105.897741795 14.9162193661847 304.612000852706
725884.572283609 1360531.31509033 163419.808910519 10.4094345929772 302.977157655206
961665.134846456 1045544.28958091 305562.751031504 13.7906090083144 306.949558085335
1093349.01726111 1038455.11385075 234794.074824739 15.6790012035532 304.08215983401
786080.302987991 1194064.85012474 247586.244194347 11.2726620887379 304.957596931239
571604.103930831 1559608.32517906 225812.17311911 8.19699957835799 304.721387666272
735566.90308546 1456889.35372458 253628.89832518 10.5482825490267 305.388115640945
827396.565226676 1290205.89676354 276985.196101013 11.8651515089867 305.482347813571
717702.374247203 1381310.01034321 232048.565413214 10.2920990570823 304.891981916035
585440.31052571 1542840.71865432 218674.369968206 8.39541554291172 305.387912042502
1128933.1383518 1057234.56446175 205900.878060589 16.1892897469187 303.516450230953
652991.967326462 1409155.12984581 212089.91703509 9.36412955057068 304.3923126387
1085656.96635126 1089536.1522316 174475.48556007 15.5686945461461 302.846231402742
660082.073647761 1506669.43590011 226899.022437551 9.46580411540766 304.586556921728
833119.81385961 1289838.06769062 170874.836372961 11.9472248641435 302.970230601455
634074.577416526 1360948.66082496 306995.891872143 9.09284766849702 307.067072789926
717851.964288838 1241765.83004336 273481.140098291 10.2942442297634 305.991648186769
682031.047487412 1034383.39004155 267600.74802014 9.78055995440839 305.956260919959
656024.572942352 1221684.87255127 317453.087344701 9.40761815882914 307.205955393527
987962.743671986 882833.616328342 208543.032519625 14.1677257696747 303.605250526359
848075.182838037 1150393.13649381 181180.489797729 12.1616900024575 303.48555080217
976274.94864674 1141776.59687815 201487.150146551 14.0001187664447 303.760340629356
647184.493669194 1227883.04529935 291396.876123718 9.28084837957735 306.606400575746
922902.634144222 1326948.49905208 257827.663315164 13.2347414074219 305.637209691319
555220.211983282 1363932.81217826 229500.926790283 7.96204892901457 304.697458911738
1050606.58105477 1113739.9949874 218784.752118478 15.0660599577644 304.160052268023
848493.559497076 1340701.39516085 214219.096055816 12.1676896677401 304.414100290828
963666.25488959 1220939.46956739 160366.754594598 13.8193057584549 303.014543115511
627358.9727969 1316770.35775449 294562.632052476 8.99654358695363 307.360865661964
1051389.79234983 1193522.88205851 153679.011363119 15.077291477292 302.606379078926
616049.511307006 1291042.2132614 290926.566882592 8.83436201683087 306.272277280292
942188.614574977 1232386.9900284 186327.70900749 13.5113090044213 303.524350087101
818295.413472341 989770.614769651 215383.094163715 11.734637860502 304.333492143035
705638.803931107 1621404.80470834 171949.472950303 10.1191033068514 303.08542484783
779960.83946255 1366646.76190649 237909.031976861 11.184906875658 304.920210527472
658828.918078953 1300384.36603748 297017.747104758 9.44783343325459 307.318380655866
686347.120194333 1416626.01134537 163468.162399873 9.84245392248087 303.045493200027
779893.274784171 1333537.9022659 304308.246800514 11.1839379749164 306.945029017056
626213.486338808 1479162.21672273 267504.273043975 8.98011691690452 305.763854832943
990920.504489423 1199239.5060807 172773.011337724 14.2101410777642 302.905034725327
850997.286889239 1278217.57088948 135374.118865719 12.2035939802472 302.228903906107
891637.29562711 1069233.10975945 225184.048902595 12.7863856925494 304.614848116025
752893.347637164 1088641.70093237 263355.226231221 10.7967497271104 305.553548231791
579816.828040055 1333541.3635267 287048.090310272 8.31477286864324 306.154180842985
1169166.84109876 933434.564658167 192882.334399237 16.7662548914736 303.887254969645
924134.457919574 1187027.70772637 145040.265406869 13.2524061843151 302.413809807907
938391.320258641 1342739.6639484 145461.615078888 13.4568544970168 302.401396418406
681983.130174492 1339477.00292132 181430.996386652 9.77987280364951 303.226160230666
777490.309736235 1244406.45022347 312632.215508197 11.1494786291047 306.840210418928
917259.747188671 1467796.02342783 175318.461902007 13.1538204663767 303.37198159161
651529.711069929 1353482.58872007 275466.383166164 9.34316029258981 306.042701884286
774139.607006947 1260526.97031999 302656.671748771 11.1014283987612 306.914277760622
649307.582399222 1535221.02108251 215524.761967166 9.31129420266571 305.332114153659
714574.495661726 1355177.21418309 181819.60357768 10.24724420165 303.308900832675
880216.184908131 1063153.35580015 158459.43302989 12.6226030340554 302.867552829608
765105.501848427 1269299.7670315 267028.744642623 10.9718762215358 304.859667044704
796862.965793381 1287727.9826279 208612.92813956 11.4272891844175 304.25305709973
902024.272308279 1268992.07747721 173472.928463897 12.935338513025 303.347223755804
722864.423927492 1573955.64105577 207374.195503968 10.3661246261113 304.228379840474
686587.717794755 1069931.29047257 196986.559571055 9.84590417487698 303.950048437676
646018.572741089 1270046.62129872 217121.582118274 9.26412867219535 304.53130846744
659131.87392094 1487765.24333557 191187.819566867 9.45217792429646 303.592283565184
603099.58308719 1251197.89117221 296565.962789287 8.64865558920445 306.743023547625
775738.155215741 1521342.32348793 151903.858132072 11.1243521302448 302.686780187952
629148.203803099 1626051.6844994 181225.14996988 9.02220177537904 303.324466868534
699756.99504841 1212037.42569713 246981.289614663 10.0347561431416 305.309734906479
540737.055358632 1530078.77581656 230484.332676139 7.75435547837426 304.847936223185
794177.808444403 1242834.09446852 225838.378675823 11.3887831038872 304.726394494904
649924.289193388 1274601.88861884 246857.70664105 9.32013799034496 305.436859740033
691670.016876089 1380943.77342669 180448.942848871 9.91878609286934 303.414314928715
734206.50831109 1195689.64839457 239580.759939439 10.5287740197575 304.236761020317
888968.162040385 1311965.87994995 270052.288367598 12.7481093982847 305.390375893983
1146775.49502434 1183553.02194287 166906.91550028 16.4451552823759 303.215644422496
715167.12652276 1472088.65218822 280650.880359489 10.255742732162 305.758474752972
638530.829060174 1422768.73271621 230740.054886739 9.15675185076732 304.842012162194
784213.355417474 1212346.8754671 192121.283652335 11.2458894180326 303.754239700899
788584.001163267 1213026.05057393 167300.584965774 11.3085659822648 303.111320453634
579598.695503708 1600366.35634016 192064.479020935 8.31164477299773 304.610816738394
1126389.24227569 1315471.05158316 151040.717678642 16.1528094016591 302.704600421534
719178.473732169 1526920.32435831 231074.499630773 10.3132668317233 304.903658402296
710038.431931046 1671968.34326023 225213.503505118 10.1821954865829 305.336888513262
826372.25131478 1425169.97207835 234073.717238076 11.8504624949538 305.048370996199
866728.322454041 1338450.45181744 183476.201918166 12.4291824443696 303.456234411916
940166.783703243 1359927.04748218 189157.305079592 13.4823152538706 303.284361351503
620149.661647603 1393518.94894736 204467.994227784 8.89315958385664 304.103360326319
1335766.35571169 900320.73023718 197844.965869917 19.1553492692881 303.561379698443
622656.369629332 1266493.30212042 263016.825857374 8.92910663904396 305.508418037523
655088.485318484 1275860.67737278 331069.494441729 9.39419434013122 306.621775307784
675135.673566612 1268797.57549242 243198.918989168 9.68167791921528 305.139848770164
848645.646813572 1151734.5507809 297354.295933957 12.1698706522023 306.459401019217
593841.918917585 1360579.70910452 202489.316761238 8.51589749881814 304.095245765679
642328.044371879 1492084.55798291 256307.102604738 9.21120522521815 305.359569939455
868466.731039574 1073039.40260403 299185.823605675 12.4541118217912 306.770058068799
818157.896825616 1034740.71415757 248078.289701241 11.7326658244591 305.397601225744
633906.904931719 1290353.00484632 182242.843755916 9.09044318735735 303.506452742861
844084.041527021 1428432.6495083 193344.624085551 12.1044556624334 303.790459664618
795876.784219234 1527578.62946836 199324.000780059 11.4131470012318 304.011662524309
877953.520539706 1063486.42778749 178852.858642965 12.5901556482749 303.148517690023
801690.290503265 1477764.88367259 158048.852521322 11.4965146821692 302.892008623274
844177.50676029 1444915.7262912 261119.895928288 12.1057959860462 305.754116126084
538404.430015617 1310320.75068105 279158.213021308 7.72090482813983 306.188497867385
619565.997493902 1479000.67496093 262958.55917356 8.88478963901389 306.416412819941
680474.760555889 1227904.68293888 288394.001686055 9.75824226418579 306.380298847509
731892.948228583 960353.294406015 187503.116641061 10.4955967719204 303.696420574033
578982.226592044 1799251.12033919 149319.925802222 8.30280439663543 302.597341135134
646867.900562908 1318621.88058183 218455.29304856 9.27630832547191 304.50876722128
724504.295566586 1256022.65597659 338533.288606135 10.3896409498076 307.505685628423
779283.945451508 1093345.54468532 183473.14419253 11.1751999825742 303.557084487294
637879.289759924 1379092.75692336 194776.866741329 9.14740855296258 303.849879434228
703065.421252009 1241459.43864068 299588.310964829 10.0822001135565 306.812900676748
686893.825484267 1459024.41754777 267379.394878721 9.85029386449713 305.886763949456
679887.086333867 1448376.43553705 280135.346357141 9.74981481358317 305.673687773623
811089.987571651 1459607.4644398 223713.170269024 11.6313095732072 304.649619941729
778765.790735471 915384.875374971 317441.16287965 11.1677694656138 306.957925860319
654336.787171002 1463769.78905932 213941.838666826 9.38341472998569 304.304050347155
809571.276964101 1158415.9559616 188243.294869614 11.609530740403 303.728214953884
839693.442442497 1374274.25655461 189988.554263854 12.0414929604565 303.74182850235
631559.298363755 1395919.07311588 172617.862380145 9.05677770120107 303.1771812685
626369.75926084 1391774.97722818 189383.137160638 8.98235792439064 303.691707065048
752491.097681567 1151014.6018184 187778.148832515 10.7909813243055 303.57749600698
845474.052044086 1126260.04757633 279910.843206163 12.1243888916456 306.306991535975
648259.570447486 1316795.82701439 248711.443075201 9.29626535058536 305.398698541315
688177.799867951 1213345.6917354 271319.415812512 9.86870649906239 305.726167174408
640408.457545114 1212553.84252182 226552.641452603 9.18367768946148 304.739229717467
766997.464672754 1286945.93629564 265428.290004878 10.9990076195902 305.839069980288
792379.729435724 1578398.78763734 148521.096994008 11.3629980320611 302.612419095878
750463.326302253 1313915.83580525 245699.805272317 10.7619023848315 305.324028388229
882146.654888388 935422.869733296 301706.088198089 12.6502866379788 306.055222598271
777565.203182183 1506526.25694812 217404.254658939 11.1505526268955 304.525467655629
754782.364412197 1244365.15786655 209120.026813762 10.823838877804 304.289745376839
800929.832303954 1359631.64990455 235301.915657594 11.4856094498655 305.04252861372
790484.3893503 1113210.97075538 188333.767786257 11.3358182029202 303.716913793472
648109.387123683 1487532.54854453 283161.521614148 9.29411167003369 306.35821081356
997625.574177697 1225351.26741317 144318.324504226 14.3062940847662 302.133749281011
649679.896580892 1563125.41001593 199919.870322787 9.31663331616958 303.980342880701
721886.9951856 1520033.3675141 190217.265751494 10.3521079615526 303.561533129087
523434.487103339 1081713.2903739 268815.381867918 7.50623069459856 305.527415967772
643016.154959046 1030250.79866966 351827.137741903 9.22107296786395 308.257880247015
701617.771026876 1335231.6558176 234455.012560718 10.0614403110929 304.841535163772
809488.385509789 1115384.42890412 272946.092477098 11.6083420484195 305.772687637793
567823.391760086 1472148.24084602 198566.441043368 8.14278286462839 303.867823417344
995160.148947779 1246087.60139657 222923.606363807 14.2709390384481 304.395953062655
710766.533416608 1456292.25078304 222085.790104388 10.1926367124753 304.28425721539
736260.494684438 1469030.0306252 205085.818115583 10.5582288912682 303.920767572075
714997.200100096 1254146.22575525 219081.604741833 10.2533059287777 304.620021038815
802842.191675816 1080425.80228379 172179.758157743 11.5130333414314 303.052045800822
653414.352585778 1455315.38856592 158698.294084386 9.37018670056086 302.902665089328
777867.692804246 1198764.94667519 239033.124911629 11.1548904321833 305.201377894421
724920.50007068 1433064.19344569 279622.875938738 10.3956094656407 306.270114965287
754501.566082821 1344880.37731526 238537.14153863 10.8198121331188 305.004165594658
1153430.83762256 1404957.73032543 115548.994605555 16.5405951857919 301.704226259374
811843.429096814 1129748.4682638 273619.846547793 11.6421141839887 306.028144378615
753735.34957835 1301966.45382818 240239.759845747 10.8088243247373 305.016690245814
947735.191304207 1210109.07601839 150139.649384356 13.5908488236741 302.518215892721
632697.221910792 1644655.40123058 178514.881178481 9.07309591650275 304.118447232195
855421.579235034 1250134.55288086 245349.322776776 12.2670398551869 304.420250425586
806021.305862345 1219849.10569021 150057.006347536 11.5586229330164 302.667321368109
737791.403196622 1368601.4083405 288775.243272427 10.5801826462231 306.562492200732
861105.006657296 1352364.68142427 205170.08455034 12.3485421604775 303.912547708865
827750.814393479 1508508.21127292 173951.675539185 11.87023156396 303.016755644275
617916.148872817 1309232.30706544 271434.140354011 8.861130241962 305.516805948151
611616.853928237 1341501.48738417 274276.431077651 8.77079618443934 305.93613972358
809647.906415615 1348893.61570341 301570.511274455 11.6106296331111 306.644942039476
615268.643852855 1316059.77397877 180989.364081206 8.82316410878855 303.472316807944
1146462.49854538 1072897.1739541 255691.964775734 16.4406668051441 304.724200687079
775354.555420004 1344727.30634414 228663.844445808 11.1188511771511 304.871753726038
582020.83985113 1239808.65619867 286331.449372464 8.34637915656496 306.454831129835
679642.241227975 1385001.45663987 268836.901361897 9.74630365049678 305.69538088112
643815.679318649 1266226.74586874 293490.966054527 9.23253842235157 306.398706242134
920392.682713478 1083007.72715779 302580.792542135 13.1987478400594 305.5630590809
741917.75428439 1208351.34400645 299613.837811749 10.6393559409807 306.556080249676
680678.351728865 1218994.59423237 270826.988193224 9.76116183167588 305.994476358487
734195.424584134 1325930.24043479 261103.559637979 10.5286150752983 305.71015230809
696385.267573161 1237571.77420556 197062.680099441 9.98640441070498 303.724173440548
687400.238643164 1400629.65858256 305573.612212234 9.85755600348705 306.43486700965
1036956.29126548 795185.729859499 309306.823784022 14.8703101041894 305.51307987252
1206171.98922841 1229887.09717305 197640.86503557 17.2969214516503 304.034530308843
640194.644582453 1288127.05053525 181582.195870957 9.18061153798928 303.534907647313
984841.599074125 1107394.29790558 183497.483675972 14.1229674819425 303.117691302373
1009366.65820237 1126290.46465102 150035.336987725 14.4746652705885 302.690905335
560008.24089226 1540692.50221509 221821.028467271 8.03071091145688 304.602088750935
701062.041863433 1393664.50189796 169417.292874162 10.0534709636248 303.096682993144
1190533.57279448 753882.373382581 213120.274661334 17.0726611777411 304.043297430399
717831.039233648 1298020.47326147 276721.66972314 10.2939441572703 306.167619265406
633418.580225858 1449794.10148667 238283.066444846 9.08344044300944 305.096935508055
779899.206367976 1498474.317002 285795.50185052 11.1840230358696 306.272647664892
625559.867159228 1127501.97315093 339610.8998925 8.97074379291436 307.055490390106
818981.86495102 1450146.15868301 144597.060056437 11.7444818109611 302.309404762263
959948.170523905 1250518.90998594 199334.09491548 13.7659871490044 303.659628924203
855914.446932096 1416445.6511181 153496.201409 12.2741077475922 302.716686174274
998972.93317135 903546.772397901 198686.104929705 14.3256156764534 303.773436237975
895149.326173438 1305659.79975788 153957.746588715 12.8367494193132 302.700901496799
786273.617108475 1231500.43371825 245842.443929436 11.2754342797583 305.480481706702
1046730.73670076 973450.848635446 177609.732247423 15.0104790157852 303.188580151092
1141321.37341169 1206576.19521541 166880.404373707 16.3669413013149 302.641145032628
729820.451787036 1413163.48868691 326450.92870675 10.4658764596611 306.850342468178
707558.777870152 1365860.05944097 194765.476933297 10.1466363939314 303.963668731143
604436.942675176 1295007.73902445 281462.221986785 8.66783378597288 305.7991921717
662829.415131519 1047520.11221494 202245.460429454 9.50520193783248 303.544150134301
613047.034529138 1221157.70049294 293254.071981831 8.79130546647903 306.655702282606
792229.187876818 1394684.61032657 300071.774810454 11.3608392142947 306.793868244004
692701.883118519 1134187.39091737 204693.872978193 9.9335834099214 304.110715990815
800860.144835623 1243124.66792908 214484.7988138 11.4846101075854 304.489666079355
949447.004490658 1419647.10112234 152270.889757095 13.6153968139196 302.633822259078
878489.776088987 1363277.73689206 191758.622215418 12.5978457374138 303.205140106623
781949.969734763 1150420.26662126 300060.156591822 11.213431688357 306.687645379911
748504.165327068 1327485.00582409 320310.857693877 10.7338073421664 307.124570828506
690634.787497283 1163986.35797339 224016.494734043 9.90394054728418 304.6362770897
1170931.01591098 1083255.69940338 187317.662035696 16.7915537654539 303.590069228228
652902.483874534 1679000.77585405 176590.261180107 9.36284632707267 303.434495677847
633409.631885404 1435190.35968693 287798.688629012 9.08331212072759 306.435912708061
1001953.048759 1337342.92840256 178182.406921567 14.3683515596416 303.321850311541
792047.395902147 1647327.06468479 128627.657727593 11.3582322548109 302.017115318118
665290.540472139 1291761.43901195 229416.636900013 9.5404953222582 304.900175759676
726937.024622403 1082050.14605791 203175.219899812 10.4245271217362 304.173075580811
1012358.42505181 1322450.94503491 177421.191068004 14.5175682368807 302.982062939792
766508.106305068 1173507.92138482 197293.671976523 10.9919900521759 303.83815294558
578268.62104837 1332136.99806513 240762.251522165 8.29257104753876 305.124898793571
825684.076902661 1165056.71238685 325081.855042755 11.8405938370362 307.000326745412
1255176.07398987 1091582.38837941 191799.023166524 17.9996568927802 303.272268467456
