,0,1,2,3,4,5,6,7,8,9,10
0,0.003796092428,1.795653484,0.336463923,0.190232817,0.5195342402,0.0531716508,-17.8417,0.00581008,0.199493,-0.246353,0.064517695
1,0.002085742295,0.8290330358,0.203550953,0.2070899127,0.3426028146,0.0369159827,-21.1768,0.00643342,0.217358,-0.161779,0.07617857
2,0.003463122712,8.40936925,0.2696274888,7.049725288,0.3404681885,0.000936147511,-0.240652,-6.16702e-06,0.00328211,-0.000132931,0.0027514852
3,0.009424101939,0.1967810909,0.2432609418,0.1434143535,0.6592309055,0.0135019353,-0.858982,0.00101693,0.0600133,-0.053655,0.000144435
4,0.003820891996,0.1021231005,0.1531388187,0.6654838634,0.9341026151,0.00620600503,-0.94012,0.00307109,0.0418718,-0.00445516,-6.55465e-05
6,0.0094282491,8.730888891,0.2037994758,1.627332272,0.2521032856,0.000886308048,-0.0944388,5.43318e-07,0.00436877,-0.000541319,0.00347831145
7,0.003511142746,0.9114162083,0.1123168921,0.2976799788,0.2430923473,0.0061205234,-1.73576,0.000380013,0.0580185,-0.0181464,0.018855452
8,0.008838888592,3.42827635,0.4143362467,0.2687870513,0.1064973474,0.00490944671,-0.558879,8.59379e-06,0.0119335,-0.0181592,0.0454565205
9,0.004646345805,0.3512307619,0.1190001561,0.7967091232,0.5473030976,0.00349859903,-0.649615,0.000612627,0.0308082,-0.00324835,0.003239078
10,0.005109918115,5.186200964,0.1406278557,0.5463075203,0.7477436941,0.00818765182,-1.84343,0.000275455,0.0680233,-0.0120127,0.0067377545
11,0.003522039451,0.135110039,0.1869082924,7.100851493,0.1030934991,0.000205875101,-0.0585621,2.84889e-06,0.00110293,-2.89385e-05,0.0019916237
12,0.009861374888,0.1692356499,0.3280465498,0.5321476707,0.4145795447,0.00588277301,-0.527382,0.000461539,0.0182246,-0.0094778,0.0100614605
13,0.005255214293,0.4213492131,0.3600649894,8.075982873,0.2532918265,0.000573050936,-0.107993,-3.34567e-06,0.00158582,-7.06226e-05,0.002246115
14,0.007960860824,0.3442257119,0.1673690872,0.3312964526,0.1289325671,0.00211810171,-0.260834,3.6025e-05,0.0127362,-0.00619283,0.015377376
15,0.004780878125,0.2596700917,0.1182497741,2.789659021,0.1571099877,0.000369787436,-0.0771089,4.44911e-06,0.00313181,-0.00013132,0.002317423
16,0.001166158297,0.6076084313,0.2322836107,2.663445315,0.8672207844,0.0164491112,-16.3656,0.00228365,0.0766687,-0.00612358,0.018710505
17,0.001567115003,0.1539368432,0.4051587995,6.276108056,0.9163669507,0.00912632978,-6.2078,0.00483555,0.0242767,-0.00131285,0.0080997655
18,0.003119485075,0.6455801849,0.2832160991,0.7526758325,0.1285189195,0.00408357785,-1.31944,5.45923e-05,0.0145567,-0.00537482,0.0311195595
19,0.001939994205,0.2350295099,0.1320126238,0.30447362,0.7305994516,0.0126598592,-4.99641,0.0117359,0.121674,-0.0137163,-0.00765853
20,0.001779568169,0.2227721808,0.1793165519,0.1366304148,0.1043220532,0.0195562619,-11.185,0.00163202,0.113913,-0.14036,0.17042152
21,0.002963638086,2.965024686,0.1932444626,2.378328083,0.3637559624,0.00259938653,-0.830462,-2.0169e-05,0.0131344,-0.00108513,0.007051612
22,0.004792251981,0.7129822483,0.224259485,0.1870446403,0.8719816133,0.0172183569,-2.65425,0.00448725,0.0964606,-0.0337901,-0.008033975
23,0.004276599355,1.452807487,0.2298604379,5.841817274,0.2124261517,0.00051879418,-0.121554,8.62419e-07,0.00226139,-8.85569e-05,0.0024307556
24,0.001190485701,2.049901833,0.1234674185,0.3287647307,0.3144914608,0.0257735153,-23.9155,0.000493488,0.212612,-0.0804467,0.08965003
25,0.00691460429,0.3778256823,0.3899428106,0.3427905611,0.1015304034,0.00440458368,-0.637122,7.39601e-05,0.0113955,-0.0126887,0.042074425
26,0.006770565089,2.852527125,0.1164493803,2.431035992,0.6559063109,0.0011755427,-0.168797,8.47499e-06,0.0101316,-0.000450221,0.0016058015
27,0.003004424052,0.2324795275,0.1249022146,1.247028388,0.2029693124,0.00174143776,-0.573646,0.000114836,0.0141325,-0.00133925,0.0079051955
28,0.007450444577,7.597439228,0.3625038572,2.379976983,0.6908746175,0.00368302341,-0.483433,-1.51512e-06,0.0101086,-0.00152305,0.005182978
29,0.004425856721,5.964096806,0.4874266024,0.8713179319,0.1284248335,0.00409911178,-0.826833,-3.69689e-05,0.00795975,-0.00470599,0.03192058
30,0.006404264817,7.083115012,0.127583915,0.93868611,0.4573815615,0.00247456548,-0.396045,1.24852e-05,0.0200052,-0.00251363,0.0049537395
31,0.001195412321,0.2123833331,0.3096026775,2.967994225,0.1294927658,0.0029861432,-2.41394,-0.000216174,0.00950078,-0.0010032,0.022907096
32,0.008988031063,0.1895745645,0.4506017338,0.5418177626,0.4227039533,0.00884807082,-0.89477,0.00120856,0.0203064,-0.0139957,0.0146072135
33,0.001290603697,0.7766438057,0.3564072818,6.705768637,0.1421757123,0.00146886671,-1.01255,-0.000104676,0.00389473,-0.000219123,0.0103311705
34,0.001652989174,0.4208354755,0.261616982,0.1533701995,0.2636548928,0.0650556455,-43.2055,0.0122691,0.277458,-0.398339,0.198693585
35,0.002516193917,0.1247713171,0.3797257485,4.00787636,0.1384784935,0.00138620864,-0.543103,-5.0777e-05,0.00363285,-0.000344129,0.009914724
36,0.005643468569,0.215644623,0.3770851593,0.2583258119,0.1101266847,0.00741769109,-1.31602,0.000335691,0.0200385,-0.0281897,0.0636797885
37,0.005059461129,0.3346282327,0.2050191756,0.1330047495,0.2227168076,0.0146599178,-2.86993,0.00259197,0.0809418,-0.0961298,0.03941315
38,0.006520732949,0.2229893963,0.1622003097,0.2923960503,0.1303870649,0.00283379867,-0.422592,9.29961e-05,0.0176381,-0.00928239,0.019797057
39,0.002595436693,4.154177342,0.3321081597,0.2214580626,0.3718476242,0.0550955689,-22.1484,0.000208223,0.164127,-0.251768,0.15953601
41,0.004660418897,7.935116364,0.1062236956,1.069790098,0.2670251482,0.00149547741,-0.317241,5.06041e-09,0.0140636,-0.00138195,0.005484696
42,0.007721963065,3.061578769,0.1052083685,2.9534958,0.1090792536,0.000134546183,-0.0172765,-1.51746e-07,0.00127349,-4.54842e-05,0.00123146735
43,0.001285781237,1.699146071,0.1736816468,0.4159083034,0.7189084136,0.0723029367,-106.107,0.0155161,0.508891,-0.201258,0.16092929
44,0.002093425177,0.3449497906,0.4351216128,0.5811230052,0.7370935699,0.0517919891,-33.7598,0.0430523,0.163635,-0.0705049,0.02853827
45,0.008492078428,0.6143981502,0.4159968753,5.92889958,0.6186152478,0.00133839754,-0.156158,2.06976e-05,0.00323082,-0.000219378,0.002064515
46,0.001409818392,1.191846837,0.4652997984,6.247977159,0.1313412544,0.00169140858,-1.07003,-7.72203e-05,0.00343848,-0.000270907,0.012888121
47,0.007072270991,1.193303908,0.2927372185,0.2833425481,0.6676351415,0.0160993943,-2.19692,0.00227506,0.0660475,-0.0356725,0.00460809
48,0.001689648201,7.528114541,0.3122379471,4.34254693,0.1111742521,0.00109322898,-0.59147,-6.3208e-06,0.00334989,-0.000252051,0.00985145305
49,0.003887154738,0.2585147726,0.2202203346,3.198186856,0.2083129572,0.000977133374,-0.250463,1.72296e-05,0.00445117,-0.000301633,0.00458396045
50,0.00644549908,3.447590452,0.1904141471,0.3582232449,0.1290920575,0.00279892768,-0.435465,5.83327e-06,0.0148116,-0.00772302,0.0211588275
51,0.001175128058,0.2211549526,0.1769027344,1.140683139,0.1144091673,0.00397931344,-3.40792,0.000139704,0.0226935,-0.00345665,0.0340676435
52,0.006931682444,0.5308021687,0.2617499773,0.1047361752,0.1674645963,0.0145437411,-2.11684,0.0008919,0.0599734,-0.131059,0.06894195
53,0.001358871582,3.050223966,0.4313368628,1.14171181,0.7072468576,0.0556270173,-50.5969,0.000638118,0.126701,-0.0568112,0.113043385
54,0.001918861228,0.3643925314,0.1158587665,0.2325759156,0.7186603759,0.013151992,-5.84242,0.0103563,0.153927,-0.015749,-0.01063267
55,0.006124398201,0.204685468,0.4206797041,0.5048444091,0.7573515245,0.0158296078,-2.05025,0.00677408,0.0419159,-0.0193792,0.003834995
56,0.001016601735,5.857048341,0.1122211669,3.486220468,0.1049495088,0.000777271266,-0.695687,-6.11095e-06,0.00661173,-0.0002234,0.00742629605
57,0.004134712079,0.7798452745,0.2167354252,1.101111012,0.2720026773,0.00333107749,-0.79664,5.30154e-05,0.0155509,-0.00291632,0.0113791335
58,0.005735896106,1.49077709,0.1733692078,0.8555706301,0.4940293897,0.00413722053,-0.708285,0.000139972,0.0249544,-0.00426068,0.006462165
59,0.007050588545,0.3144658583,0.3582706756,0.864054725,0.103356885,0.00161482591,-0.229059,1.90227e-05,0.00452366,-0.00185525,0.015396878
60,0.004219174199,0.1938745888,0.2184000847,4.576705894,0.3985879607,0.00117108394,-0.274437,7.08263e-05,0.00540037,-0.000246998,0.002761041
61,0.004372392443,5.607925502,0.4748523059,0.4914961011,0.226696959,0.0126986906,-2.64678,-0.000100961,0.02554,-0.0258499,0.056115345
62,0.002920238507,9.806292919,0.2566142808,0.5027029599,0.3379214002,0.0147403696,-4.88871,-4.24039e-05,0.055611,-0.0300533,0.04611674
63,0.002944499523,0.1556491924,0.2731599715,8.209069501,0.1362099989,0.000411234901,-0.138834,-4.52047e-06,0.00150203,-4.99696e-05,0.00300741865
64,0.001028703169,0.1923873524,0.2034647959,3.17963225,0.1747486058,0.00286748334,-2.75784,-2.28482e-05,0.0140745,-0.000895006,0.016153969
65,0.004394124865,0.3707500497,0.2527295883,2.143304285,0.1016073413,0.000727488855,-0.164633,-1.9597e-06,0.00287456,-0.000338203,0.0071134655
66,0.001959279803,0.1568837748,0.1480146258,0.8267025527,0.1318859657,0.0031284126,-1.57903,0.000172743,0.0213471,-0.00367673,0.022306695
67,0.001457566613,0.8905423437,0.3589450571,4.943045742,0.1221836642,0.00153561955,-0.938106,-9.46628e-05,0.0040448,-0.00031073,0.012564741
68,0.001183711081,1.163881777,0.1462423861,0.7303246744,0.1699508983,0.00733094368,-5.72733,-0.000235098,0.0482489,-0.0100322,0.0431016655
69,0.004913837847,8.78773188,0.1627050235,0.1134604657,0.1878675111,0.0140896198,-2.84893,1.01893e-05,0.0875507,-0.121807,0.07142522
70,0.001488376214,2.000097234,0.1742698431,3.623427633,0.5503642848,0.00449982667,-2.84725,-7.45709e-05,0.0249892,-0.00125187,0.0082926005
71,0.001429113326,0.6752237066,0.224807742,8.764427649,0.1471867047,0.000689676708,-0.444309,-4.0262e-05,0.00294782,-7.8652e-05,0.0046783956
73,0.006637391282,7.365622055,0.3137192927,0.1129625353,0.2353358726,0.0252263493,-3.83185,5.103e-05,0.0823023,-0.2185,0.100713215
74,0.008972605557,0.3464145626,0.2911895513,0.8771869524,0.128735991,0.00126091241,-0.139891,1.09303e-05,0.00434163,-0.00142229,0.0095945025
75,0.00127550759,1.016404318,0.4439560085,0.7474378585,0.1350005662,0.0153940734,-10.9129,-0.000744939,0.0329062,-0.0206489,0.11503607
76,0.009849888126,0.2527159617,0.1093138284,0.9231400791,0.3715508599,0.00110028651,-0.103961,2.58103e-05,0.0100806,-0.00109513,0.0025066405
77,0.001831203534,6.007736586,0.3591739641,0.4528211876,0.2003462541,0.020738325,-10.7336,-0.000118363,0.0553694,-0.0465473,0.10830387
78,0.00204222887,0.1850276379,0.2135926334,0.7231731307,0.5203599683,0.0140070955,-7.00568,0.011912,0.0778013,-0.0136884,0.00956839
79,0.003224276785,8.55954947,0.2781930764,0.4333200936,0.5924842196,0.0312239019,-11.0886,0.000144269,0.114713,-0.0768095,0.061498235
80,0.003484754137,1.635579592,0.1082253592,0.1663540974,0.407314083,0.0132656852,-4.28056,0.00184861,0.15663,-0.0533177,0.007738105
81,0.007195026581,0.7485633267,0.2732331927,9.07008896,0.1539673331,0.000172511576,-0.0239455,-1.08428e-08,0.000630913,-1.8997e-05,0.0011192745
82,0.005217807857,0.7688271581,0.3226516821,0.1505599629,0.2900794464,0.0267071579,-5.4003,0.0026263,0.0951099,-0.160333,0.060841785
83,0.007859691498,0.3250578527,0.3760322524,0.1013239475,0.2698148522,0.0270289231,-3.46538,0.00403001,0.0846055,-0.242957,0.05654472
84,0.001217406515,0.1769548021,0.2341370018,0.1380557557,0.1386656728,0.0482226131,-38.6106,0.00782796,0.204133,-0.320414,0.34029304
85,0.00166000038,0.946139811,0.285439421,1.769625739,0.3052325217,0.00761974591,-4.28307,-0.000254965,0.0258541,-0.00429038,0.0247760865
86,0.007541524115,4.205856758,0.1215823176,1.188786111,0.3982767357,0.00138808986,-0.180876,4.15618e-06,0.011499,-0.00111805,0.00322668
87,0.001307684501,3.021008832,0.1010684107,0.2507978172,0.174489192,0.0136018602,-10.0338,-9.7162e-05,0.130856,-0.0546582,0.08012736
88,0.007854406911,1.498065588,0.3421092913,5.1720634,0.2650546815,0.000593850306,-0.0743801,-2.34464e-06,0.00172386,-0.000114313,0.0022252042
89,0.008990076106,1.9171386,0.1742838942,5.998229029,0.2696347927,0.000232921487,-0.0257977,2.27705e-08,0.00133347,-3.86507e-05,0.00085995765
90,0.004962993369,9.005212771,0.2956708725,2.502055911,0.930472436,0.00566448279,-1.09725,-1.10896e-05,0.0187998,-0.00225629,0.0060596565
91,0.006822902932,1.755450594,0.3048509265,4.888674853,0.1362955114,0.000331464752,-0.0480462,-9.34768e-07,0.00108175,-6.7727e-05,0.0024272874
92,0.0018077307,0.1433701711,0.4211295201,3.604400736,0.16851557,0.0028793188,-1.60109,0.000117389,0.00687844,-0.000793661,0.016857986
93,0.005108974681,2.276308127,0.1341127774,1.281625478,0.4679355946,0.00239574114,-0.466773,3.32698e-05,0.0183243,-0.00174253,0.004484901
94,0.006929842441,0.8082541889,0.3978380565,5.582844151,0.8696324604,0.00228372403,-0.322341,4.55555e-05,0.00578205,-0.000386923,0.0023883485
95,0.00566192281,0.5480016102,0.1224836613,0.2635887612,0.4721620415,0.00638290083,-0.896959,0.000923576,0.0563291,-0.0154266,0.0036638795
96,0.009510229258,4.644896745,0.1590429885,4.520243144,0.383047559,0.000376640526,-0.0388529,-4.14244e-07,0.00234662,-8.25948e-05,0.00097393235
97,0.005466289608,0.4329312066,0.3824085345,1.02257606,0.2297042748,0.00409031622,-0.740325,7.82203e-05,0.0107879,-0.00389126,0.0168271735
98,0.001314814611,6.931237127,0.2092593588,0.2185793185,0.12505958,0.0215457133,-15.6387,-9.40515e-05,0.0988389,-0.100036,0.18080474
99,0.001525892859,0.2754715666,0.1960111501,8.719758363,0.2224351357,0.000868350287,-0.571768,1.51293e-05,0.00444908,-9.90993e-05,0.00386980755
100,0.003358474543,6.42073846,0.2688216421,0.1526720147,0.2129862466,0.0282455949,-7.96648,-0.000113842,0.101759,-0.184824,0.133852155
101,0.002541833758,1.873460505,0.1364684839,1.008088971,0.1247186079,0.00175627328,-0.677717,-6.80527e-06,0.0127785,-0.00173412,0.013945632
102,0.001871349581,0.4200714505,0.4283670909,0.2258330238,0.3760735251,0.0911748311,-53.8446,0.0182024,0.236924,-0.378473,0.197898545
103,0.008076085079,3.486574666,0.1078329458,6.683613601,0.876992276,0.000465316728,-0.0554764,3.66425e-07,0.00417271,-6.66521e-05,0.00052328235
104,0.001215659832,1.59107801,0.3456120167,1.187349604,0.5302306895,0.0330845602,-29.527,0.000152731,0.0945128,-0.0298217,0.073667515
105,0.002497343791,0.3477592146,0.1088869435,0.3288564897,0.3222193939,0.00835620024,-3.25913,0.00277672,0.0873873,-0.0188773,0.011402108
106,0.008377121325,0.1149740195,0.1830455582,6.914189685,0.3262946976,0.000273329165,-0.0324134,5.16909e-06,0.00149322,-3.90996e-05,0.00082301305
108,0.002091758957,2.159398847,0.1624018093,6.566667331,0.2575375679,0.000791728802,-0.347233,-1.49303e-05,0.0046763,-0.000120428,0.00306745305
109,0.006709445383,0.5333530812,0.1196850819,0.5027222876,0.4470318013,0.00332733003,-0.432184,0.00027101,0.028792,-0.00519248,0.0043531165
110,0.002273843164,0.206838439,0.1076809777,4.346315731,0.1028401777,0.000299157857,-0.131104,1.52652e-07,0.00277625,-6.85748e-05,0.00289194105
111,0.001579450046,0.6161749818,0.3322547012,3.816627018,0.2522691412,0.00360732007,-2.10675,-0.000220063,0.0104511,-0.000942902,0.014225536
112,0.005273885952,0.4452569111,0.3135770524,0.3145964388,0.1054778276,0.00523635498,-0.988141,6.02259e-05,0.0168449,-0.0163947,0.047785373
113,0.003782798516,0.1949789489,0.1651869232,4.836382456,0.1203629021,0.00029007059,-0.0767967,3.69113e-06,0.00175893,-5.97692e-05,0.0023971913
114,0.005232332851,0.8200721176,0.1721770446,1.360681325,0.2966244588,0.00185177282,-0.349111,2.83354e-05,0.0108631,-0.00130831,0.0057912565
116,0.004696543083,0.1578341496,0.1329969376,1.020226173,0.5694951967,0.00317900836,-0.557766,0.000686675,0.0244117,-0.00235517,0.0029994685
117,0.002772688998,0.2658785597,0.3726720086,2.987592896,0.1054379972,0.00125961652,-0.451232,-9.80848e-06,0.00337305,-0.00042052,0.0118835285
118,0.002250026747,6.092564589,0.2883116279,0.3891540461,0.5283859701,0.0473524606,-24.7814,0.00033998,0.163704,-0.132638,0.114193625
119,0.00698062746,0.7392863876,0.1201758152,9.538774598,0.2392856683,0.000115507451,-0.0165591,3.52696e-07,0.000960371,-1.20636e-05,0.00048203915
120,0.005166741253,0.1455098449,0.2087521327,0.2040707528,0.7204623474,0.0132570762,-1.47279,0.00324622,0.0704181,-0.0326589,-0.00259233
121,0.00102885794,3.036950077,0.2100626416,3.944200724,0.5489898065,0.00692081318,-6.61516,-7.42195e-05,0.0321237,-0.00183988,0.013639363
122,0.00468320113,0.8665167658,0.1986662567,0.8552167723,0.1089290387,0.00143225793,-0.301402,-5.73269e-06,0.00718291,-0.0016621,0.012954755
123,0.001752034737,5.521852785,0.4202746623,0.4189306911,0.497019942,0.0777809881,-52.1815,0.000479901,0.178855,-0.205583,0.211270835
124,0.006571111365,0.1274080348,0.129450348,0.1193442886,0.252821901,0.0079432749,-0.957295,0.000583359,0.0644538,-0.0514636,0.014598992
125,0.009075222748,1.30882108,0.4430346176,0.7943289509,0.7129841918,0.0098148107,-1.05901,0.000543708,0.0237574,-0.0103075,0.0092041785
126,0.009428423948,0.3961412811,0.2515055234,0.4967393997,0.8896129695,0.00724655587,-0.536347,0.000860194,0.0298243,-0.00880826,0.0018853225
127,0.004958038672,0.5314770046,0.1219656217,5.513426047,0.2401324027,0.000285333392,-0.0574845,2.04818e-06,0.00234117,-5.1299e-05,0.00117472175
128,0.001710673899,0.538455309,0.1409536706,0.4006151397,0.2035943151,0.0104715057,-6.45526,0.00102238,0.0790128,-0.0248164,0.045093715
129,0.005978529374,0.7425460972,0.1917229543,3.828271916,0.8691731503,0.00177901746,-0.286357,8.49682e-05,0.00940707,-0.000414236,0.001690931
130,0.005841439861,0.1702529896,0.2062220552,0.4410863874,0.8079146805,0.00821657079,-0.882515,0.00206441,0.0414854,-0.0100938,0.0008836705
131,0.0075667114,0.7918359073,0.2866594648,0.140593159,0.5842314936,0.0207923301,-2.38628,0.00369953,0.0906576,-0.0867548,-0.00158493
132,0.005436088919,1.776222979,0.1923915609,0.9243994588,0.1577529139,0.00159266671,-0.29011,2.26107e-07,0.00827742,-0.00170517,0.0098946955
133,0.001461890394,2.239553995,0.1551156946,1.788690122,0.2385292588,0.00356123081,-2.21544,-7.44122e-05,0.021892,-0.00199701,0.0150103755
134,0.008078981993,0.1144255296,0.3427515129,0.145625775,0.2733598781,0.0167430361,-1.86285,0.0022015,0.0534569,-0.099888,0.035472485
135,0.001324126126,1.172897197,0.1952902869,0.4940199783,0.8558621099,0.0721774331,-116.752,0.0327941,0.530447,-0.157215,0.11364735
136,0.003862542745,6.069285544,0.461425693,0.7745213261,0.1303202341,0.00501244044,-1.15803,-4.48179e-05,0.0102754,-0.00647752,0.038518399
137,0.005464358011,0.3273862232,0.2053858486,0.1669088287,0.3119517651,0.0134042382,-2.25977,0.00302453,0.0743697,-0.062117,0.01786998
138,0.001207757212,6.147688707,0.2062511741,0.4579187393,0.1451602971,0.0127469499,-10.0189,-7.01548e-05,0.0594164,-0.0283084,0.091639225
139,0.002999622112,1.670646738,0.3078730651,1.979157923,0.1906654106,0.00259895695,-0.82073,-3.87809e-05,0.00823319,-0.00130937,0.013545837
140,0.002485956166,0.1092911041,0.2774344691,4.426167383,0.3312550802,0.00216992577,-0.862796,0.000203188,0.00788565,-0.000474555,0.006157525
141,0.002328289925,0.4613084219,0.1730409236,4.626280175,0.1140836786,0.00048673778,-0.208357,-6.04196e-07,0.00281083,-0.000104981,0.0042489949
142,0.004355941721,0.5567216041,0.3951408044,0.8754146441,0.3200655631,0.00837800684,-1.92511,0.000375142,0.0217997,-0.00910195,0.0234434455
143,0.00204891913,0.895463313,0.3206968576,1.983351185,0.3311443876,0.00678385404,-3.15269,-0.000147404,0.0207464,-0.00339002,0.0201133845
144,0.002559964711,0.2750053973,0.1819542093,0.3493436336,0.1416567885,0.00731684545,-2.84488,0.000466689,0.0413356,-0.0201123,0.0464649235
145,0.005896449825,0.8976377858,0.1886432807,0.2067154068,0.6862700346,0.012627458,-1.71084,0.00226361,0.0796822,-0.0291413,-0.001926615
146,0.004014436819,4.772138175,0.2873272131,6.541906953,0.5496230936,0.00155791084,-0.356318,-1.29723e-05,0.00520349,-0.00023758,0.0028243765
147,0.001729674095,0.2273629559,0.2729399246,2.494884544,0.1028388497,0.00172547263,-1.00321,3.42119e-05,0.00635177,-0.00068928,0.0166573665
148,0.005376335381,8.591763512,0.3452599355,3.483508538,0.1415852703,0.000671799968,-0.112521,-3.8872e-06,0.00184977,-0.000192836,0.00474060425
149,0.001351417211,0.9204439821,0.1928458061,1.543780005,0.7076638939,0.0164933642,-14.1351,0.00157726,0.0929528,-0.010493,0.022529815
150,0.001766620947,4.159565306,0.2578237356,0.138998838,0.1414140256,0.0362471034,-18.8671,-0.000293049,0.131829,-0.257335,0.26428404
151,0.004781093305,0.128156108,0.3356786889,1.29512151,0.6823443305,0.00744271753,-1.35875,0.00341265,0.0233952,-0.00434061,0.005648645
152,0.009465308301,2.658357991,0.3604306418,0.1077694172,0.4568136774,0.0313109039,-3.65173,0.00176885,0.108968,-0.233471,0.027337665
154,0.004269809151,5.412611348,0.1468960074,0.8977564209,0.1076817512,0.00109245105,-0.248038,-2.87221e-06,0.00733287,-0.00121433,0.0100977199
155,0.00198172345,9.528579409,0.1367152174,6.913194521,0.3536274671,0.000852305364,-0.385857,-4.77986e-06,0.0059188,-0.000123785,0.0024159385
156,0.006499254338,0.1547776406,0.4469382586,0.3157979962,0.1174218326,0.00666152821,-1.02095,0.000321845,0.0151254,-0.0206959,0.0537499805
157,0.008557453035,7.855085935,0.1342432253,4.99608404,0.2655827408,0.000221596477,-0.0257323,-4.74277e-08,0.00164519,-4.42243e-05,0.0008322713
158,0.002760934168,0.2160684558,0.1389460333,5.425474218,0.3775227882,0.000912171485,-0.326552,4.6694e-05,0.00660003,-0.000162458,0.0022808207
159,0.006185716609,1.61014431,0.30738645,3.712341265,0.4019903193,0.00141515995,-0.227098,2.89755e-06,0.00461047,-0.00037589,0.0034353005
160,0.002315912747,6.991942196,0.1315343552,1.269711209,0.4703794804,0.00532737075,-2.21529,-1.94956e-05,0.0395092,-0.00425534,0.0116231005
161,0.009798344805,6.119444409,0.3888476785,0.5231863846,0.5921783303,0.0110402396,-1.19083,0.000120431,0.0303254,-0.019485,0.01573624
162,0.001407822381,0.3187527042,0.3070456598,0.3516566744,0.7380531906,0.0805418563,-100.932,0.127527,0.441442,-0.172881,0.01672718
163,0.006366859555,0.1479047277,0.1525403449,0.2427985424,0.2513302924,0.00544770159,-0.741633,0.000507972,0.0365772,-0.0188289,0.0142549005
164,0.005961309017,4.53892098,0.2400460483,0.6706172784,0.1462213587,0.00232449299,-0.389253,9.04574e-07,0.00970291,-0.00344794,0.0157217405
165,0.00990311065,0.1470406535,0.201285711,0.6803779814,0.1473597441,0.00115517826,-0.114701,8.68764e-06,0.00574372,-0.00166575,0.007546629
166,0.007272138195,0.1405879384,0.1195846987,0.2061319235,0.1278457455,0.00256588406,-0.335247,5.10971e-05,0.0215779,-0.0117575,0.017726539
167,0.00557982676,1.09037287,0.1693549783,0.1688836015,0.1352248857,0.00617987547,-1.10121,0.00010015,0.0374599,-0.0350904,0.041127135
168,0.00128593451,0.3605125868,0.4067360047,1.70677311,0.1745782477,0.00836595877,-5.98638,-0.000899566,0.01978,-0.00489034,0.047658791
169,0.006445976282,0.1152116288,0.4658202554,0.5575733531,0.5009179612,0.0131272357,-1.76938,0.00482775,0.0299888,-0.0184603,0.01374989
170,0.005151456847,7.122233387,0.1228741874,0.5806907465,0.103346521,0.00112579555,-0.216843,-3.49012e-07,0.00914349,-0.00193223,0.0108165055
171,0.002715282577,0.4615579755,0.1874345434,3.136482568,0.1568503243,0.000914228073,-0.33322,-4.23262e-06,0.00486484,-0.000289717,0.0057634961
172,0.001388414048,9.484878117,0.1081299565,1.345396303,0.5032856254,0.00737596113,-5.59103,-1.4082e-05,0.0676958,-0.00596835,0.0169466445
173,0.001198110896,0.1013754272,0.1863262218,0.226286992,0.6457028399,0.0313205978,-30.9546,0.111187,0.298093,-0.0642608,-0.043561345
174,0.00453832145,0.734820988,0.3358912315,0.1867511859,0.801040233,0.0333557447,-8.38507,0.0151114,0.152802,-0.0848362,-0.019213595
175,0.001570108646,0.5315686221,0.1444794988,7.857875438,0.1991107634,0.000618698031,-0.391834,-1.39307e-06,0.00427541,-7.84821e-05,0.00308973835
176,0.005314621423,1.405201333,0.1229917075,7.315520954,0.4544391583,0.000381771699,-0.0705186,-3.53149e-07,0.00307499,-5.13664e-05,0.0008272316
177,0.004714664005,0.8595634906,0.498386603,0.2884814788,0.2012610012,0.0189774734,-4.13505,0.000539112,0.0394529,-0.0643667,0.088017895
178,0.005988977044,0.2581264089,0.1485241549,2.590540155,0.1240069196,0.000316104156,-0.0526815,2.05501e-06,0.00213007,-0.000121383,0.0025266107
179,0.001581960371,0.4450942517,0.1857615645,0.2647297218,0.6650206221,0.0396730101,-42.6412,0.0512145,0.382284,-0.0825936,-0.01958321
180,0.00193183155,1.477315224,0.1085103522,0.1340831784,0.1643982425,0.0172938666,-9.43169,0.000527984,0.169298,-0.124256,0.09386532
181,0.003132619313,1.337387716,0.1555559558,0.6820592546,0.4276252043,0.00740556694,-2.51609,0.000475915,0.0517628,-0.00968978,0.0135454055
182,0.005620576033,0.1590199138,0.265858192,1.791160606,0.1244085945,0.000872419078,-0.154807,1.38453e-05,0.00328819,-0.000483319,0.0069111102
183,0.003942683118,0.9745980583,0.391989566,1.732018591,0.2627920253,0.00396678594,-1.01609,4.48312e-05,0.0102318,-0.00226253,0.0147267765
184,0.001329196625,7.542150611,0.1313201404,1.143382203,0.6344277756,0.015144236,-14.0802,4.10568e-05,0.11846,-0.0158268,0.032857705
185,0.003559987676,4.920824239,0.4110666801,1.010562883,0.5553741408,0.016121391,-4.41597,-5.9491e-05,0.0384679,-0.0161359,0.02975083
186,0.003461152069,0.5023430471,0.1713824243,1.570845865,0.1281980048,0.00107150888,-0.305173,-6.42457e-06,0.00623006,-0.000676518,0.0082292154
187,0.004531756356,7.71168809,0.1320591043,6.569249238,0.123391738,0.000144776739,-0.0305053,-4.21932e-07,0.00107195,-2.20345e-05,0.00117226415
188,0.002767257607,7.158615402,0.2054304307,1.210262761,0.3064381862,0.00469937079,-1.55452,-2.97495e-05,0.0218498,-0.00390634,0.015505979
189,0.00113415269,2.88477448,0.1462590597,0.159448959,0.1337374508,0.0266829913,-22.281,-0.000267242,0.174082,-0.168155,0.208222155
190,0.007064385904,0.1650949068,0.4234664297,0.1417883543,0.7304284198,0.0306604436,-3.0298,0.00432625,0.0898943,-0.140872,-0.005606645
191,0.002602767345,6.74626468,0.1629281165,0.2428541715,0.2607183915,0.0170801127,-6.45014,-3.22922e-05,0.102924,-0.0709232,0.06733198
192,0.002233312343,1.189136503,0.2117573646,0.1111985183,0.3713942224,0.0702848931,-40.2338,0.0109214,0.418426,-0.574515,0.126041145
193,0.002805175015,0.1375558002,0.295739184,0.3450654741,0.120989105,0.00953833606,-3.40103,0.000810457,0.0330488,-0.0270022,0.0731206475
194,0.009047649673,0.4972455544,0.1197624857,0.1197686415,0.1918106213,0.00482107452,-0.479445,0.000163862,0.0414062,-0.0348581,0.0178109045
195,0.003646360015,0.765905293,0.1063453305,1.39493635,0.6370582637,0.00291410801,-0.76369,0.000297368,0.0290595,-0.00166974,0.0028997675
196,0.002641712868,0.1458990823,0.380209481,3.367568853,0.4476054082,0.00483432456,-1.80244,0.00067207,0.012956,-0.0013557,0.0096272285
197,0.00115388602,0.4192223586,0.1428467928,1.605619093,0.4497404079,0.00858083247,-7.95657,0.00139474,0.0641985,-0.0049897,0.016525295
198,0.008795267265,0.1127682517,0.2034491194,1.672537198,0.6077075946,0.00197189276,-0.200296,0.000149476,0.00971456,-0.00103313,0.0024825435
199,0.001015863995,0.1393645528,0.1858622861,8.055350428,0.5688065011,0.00329046023,-3.3337,0.000904376,0.0183071,-0.000389122,0.00528536
200,0.001180911291,0.6674564403,0.3345259066,0.2890003569,0.2617380513,0.0646389115,-54.1774,-0.000493994,0.190921,-0.223663,0.25034893
201,0.008657283417,0.2506834518,0.4599656415,2.948644422,0.7173326376,0.00317140721,-0.349926,0.000280892,0.0070014,-0.000979629,0.003692246
202,0.001227236113,0.6575707558,0.1678094514,0.1012023259,0.1263098855,0.0430465407,-31.8672,-0.00051423,0.240212,-0.393072,0.34273882
203,0.001676502905,0.2789133692,0.1824927317,4.111150716,0.1540857452,0.00107997754,-0.646398,1.71462e-05,0.00594275,-0.000261271,0.006936061
204,0.00299380874,1.246007931,0.1263613275,0.2883909863,0.9440580686,0.0121308188,-4.33819,0.00401246,0.136392,-0.0103618,-0.00673836
205,0.001485083446,3.383733714,0.2561639087,0.1801906303,0.1778587609,0.0418303947,-26.7738,-0.000297822,0.154585,-0.23185,0.248371945
206,0.005918638843,2.617665868,0.2082196965,1.961686168,0.1316963778,0.000626933617,-0.105764,1.31079e-07,0.00301212,-0.000318754,0.00473693325
207,0.003872266161,1.817229361,0.4877459814,0.7247346985,0.5874535964,0.0255706005,-6.98435,0.000708959,0.0553432,-0.0337622,0.03931778
208,0.001307020674,4.173616887,0.151299916,0.8050043651,0.1480460248,0.005152613,-3.61262,-5.67792e-05,0.032479,-0.00645427,0.0354092585
209,0.002895000596,0.8420348562,0.2280157066,4.518627676,0.43026787,0.00196272403,-0.685674,3.49722e-05,0.0087193,-0.000426264,0.0044102545
210,0.002309578411,0.2982837736,0.1046215942,0.2461496078,0.5731168903,0.0102525984,-3.3826,0.0060945,0.119151,-0.0169674,-0.004690975
211,0.00195279264,6.018576198,0.4906715406,1.301519347,0.1556775154,0.00699847109,-3.30195,-4.89237e-05,0.0136591,-0.0054067,0.0454745335
212,0.001943384648,1.302825982,0.4140546088,0.1372073219,0.1063854071,0.0407818775,-17.213,-0.00132655,0.0851193,-0.268997,0.382133225
213,0.003179530925,3.694210003,0.1068136273,0.1810000518,0.3786722704,0.0157283245,-5.98959,0.00075529,0.17673,-0.0743857,0.02767897
214,0.002068514911,8.96308803,0.134526612,2.688147835,0.2520085798,0.00148851595,-0.647997,-8.62026e-06,0.0105043,-0.000556115,0.0059427415
215,0.005594489786,0.6613564033,0.4539464673,0.2646749997,0.3287586175,0.0236011678,-4.35028,0.00208638,0.0571744,-0.0815264,0.05355756
216,0.009302702175,5.355139794,0.3566405885,0.155247639,0.7360108706,0.0323536564,-4.39157,0.00171054,0.12312,-0.145143,0.010764695
217,0.005415735517,0.5646624587,0.4381781491,0.3995759105,0.4493480738,0.0199950766,-3.76666,0.0030198,0.0511226,-0.0425174,0.027999875
218,0.007755391165,0.1069085605,0.1387199561,0.6846987352,0.8949702757,0.00358026386,-0.299679,0.000534572,0.0259391,-0.00322716,0.001025706
219,0.003158537005,0.3969719231,0.1567800459,0.4866179532,0.7424199591,0.0097307908,-2.61885,0.00458667,0.0737722,-0.00951498,-0.000671165
220,0.005778539021,0.9727147766,0.1233925586,0.732230008,0.1245246507,0.000960269556,-0.165697,5.22866e-06,0.00781638,-0.00129374,0.007516823
221,0.004110302343,3.441140202,0.1040715257,0.1750658439,0.5254831203,0.0128933433,-3.8268,0.00111838,0.16462,-0.0458816,0.0045524
222,0.008833592432,3.759996788,0.1358989189,0.9486690414,0.5120984338,0.0020527004,-0.226891,1.67995e-05,0.0154358,-0.00197954,0.0033967195
223,0.001347543421,1.771819889,0.1156295568,3.236057268,0.2133147082,0.00144748565,-0.972434,-3.85073e-05,0.0119305,-0.000447103,0.0067773105
224,0.001815515677,7.843482733,0.1100278592,2.551395906,0.3763378928,0.00220169403,-1.1109,-1.33137e-05,0.0191158,-0.000872349,0.0059460645
225,0.004422263192,0.8823269129,0.4248852011,0.1266986455,0.1150605086,0.0227683352,-5.22154,0.00033538,0.0546663,-0.177582,0.190352085
226,0.004169212518,0.1161078169,0.2402630625,1.92305747,0.7889211783,0.00470284781,-0.957985,0.00217419,0.0203436,-0.00181438,0.0030555185
227,0.009760777545,1.801944856,0.2483437375,0.3561332593,0.1047252791,0.0019830622,-0.202058,2.41262e-06,0.00800301,-0.00551352,0.018559869
228,0.002073552457,0.1372353934,0.1083879488,0.1781984514,0.6036979837,0.0117372614,-3.31293,0.00679492,0.129495,-0.0280826,-0.007388165
229,0.006082432814,3.56844349,0.3866792041,4.716566743,0.7207705466,0.00254865835,-0.416267,3.06367e-06,0.00660234,-0.000532177,0.003447197
230,0.00111266613,6.300622687,0.201135805,2.589614594,0.128658002,0.00206202273,-1.71246,-1.31295e-05,0.00984598,-0.000799674,0.01614792
231,0.004139265681,0.1414528515,0.2610909017,0.4090852593,0.3831969348,0.0116917665,-2.5584,0.00556539,0.0492349,-0.0220367,0.01458528
232,0.00252925092,0.1478362347,0.1074062269,0.1564592731,0.1278876468,0.00814756436,-3.19632,0.00210649,0.0819352,-0.0476896,0.0476300185
233,0.003698351322,2.243213614,0.1386086893,0.6188635267,0.2886633639,0.00444306581,-1.23817,7.53579e-05,0.0332732,-0.00685307,0.013993094
234,0.001087029403,6.476581016,0.1067578649,0.1372079076,0.2620458652,0.0527358388,-59.2954,0.000493532,0.477324,-0.423194,0.28003185
235,0.00154427435,0.1819688089,0.157949061,1.638802166,0.1992581647,0.00321078136,-2.0706,0.000232397,0.0205992,-0.00189956,0.0151257525
236,0.001836781483,1.391429132,0.1427079581,0.2905453987,0.1029707032,0.00719535923,-3.7466,-9.5749e-05,0.0495668,-0.0246025,0.0687335665
237,0.001446633883,0.1500292521,0.1277069936,0.4031180406,0.2565387405,0.0120181459,-8.58642,0.00801229,0.107581,-0.0248494,0.02720712
238,0.001588719268,0.1160413899,0.1985352109,0.1721076544,0.5326571784,0.0353595082,-25.9046,0.0832548,0.306371,-0.126842,-0.0437224
239,0.008413650628,8.517935622,0.1254284626,1.063251216,0.5796827108,0.00204096111,-0.244549,8.8139e-06,0.0167245,-0.00179393,0.003123151
240,0.006502309954,0.9594367051,0.3922736867,0.1353871534,0.8933474816,0.0342283962,-5.13572,0.00930076,0.130214,-0.114779,-0.02126115
241,0.004402335247,6.394357642,0.1472468869,1.657991679,0.9304315112,0.00467181627,-1.12617,4.75816e-05,0.0334602,-0.00262322,0.0044334655
242,0.002081592199,0.1477694109,0.3898888977,0.2165762278,0.6279547363,0.0689101309,-45.9527,0.148363,0.311415,-0.239197,-0.04211213
243,0.005372066429,0.3194528484,0.2671715279,1.450623345,0.9215255806,0.00598391678,-0.972488,0.00163034,0.0239792,-0.00288334,0.002797397
244,0.002217453416,0.1531488231,0.2456714056,0.7281721856,0.9255185104,0.0151532828,-5.83076,0.0221601,0.0769394,-0.00843457,-0.003865825
245,0.001666743003,8.698877266,0.1380234404,0.4437553624,0.1022620102,0.00457169548,-2.50251,-2.45696e-05,0.0315592,-0.0103627,0.045273052
246,0.001909527895,5.898533693,0.1960418082,0.4059252104,0.3089855582,0.0197541055,-10.4109,-4.87359e-05,0.0981685,-0.0503906,0.069906655
247,0.006837776188,1.556281908,0.2491205764,0.1152690761,0.9221898756,0.0203846945,-2.26328,0.00267017,0.107242,-0.0621173,-0.01129026
248,0.00532769815,3.171836147,0.4515942698,1.146558526,0.2617952843,0.00508631572,-0.920218,-2.40183e-05,0.0110977,-0.00440885,0.0191776425
249,0.002690841885,0.7769268596,0.1245405163,0.1150250677,0.365749728,0.0226779046,-10.2172,0.0078217,0.262652,-0.133353,0.0002687
250,0.004550370083,0.1408534165,0.1769871418,6.629592129,0.501551712,0.00076160502,-0.16385,5.53478e-05,0.00430971,-0.00011011,0.00141886175
251,0.002080743455,1.796934248,0.2839059002,1.316998432,0.4327347076,0.0114399366,-5.29285,-0.000116878,0.0395453,-0.00868118,0.02641762
252,0.001324492929,3.311174507,0.4177573945,0.3350549894,0.1648784594,0.0367770772,-26.321,-0.000324345,0.0839003,-0.110459,0.23382407
254,0.002526670284,0.5291175022,0.2234200918,0.1348312069,0.2175935215,0.0336242517,-14.5779,0.00485653,0.171321,-0.23507,0.11763604
255,0.006045485653,0.1322268108,0.4553925191,3.273267888,0.1401727481,0.000859194881,-0.142084,1.45583e-05,0.00189016,-0.000261242,0.00607627345
256,0.003598535078,0.7631501436,0.1104218528,0.8309074679,0.7175199962,0.00475170412,-1.22186,0.000863907,0.0481635,-0.00370478,0.002216831
257,0.002260547049,1.051440816,0.2409041553,0.1208732269,0.4254317578,0.0805342417,-47.7484,0.0170593,0.440534,-0.596234,0.11349129
259,0.003241184944,3.00780493,0.1209652138,0.1623799525,0.3379613359,0.0175273107,-6.40807,0.000917981,0.172093,-0.0939014,0.035238805
260,0.003097023374,0.2274329702,0.268261221,0.2335332294,0.8163653069,0.0231490902,-5.63796,0.0164005,0.113427,-0.04282,-0.01255059
261,0.00241571219,4.037949947,0.1715650976,4.017137848,0.6643032493,0.00299711085,-1.15685,-2.50162e-05,0.0168739,-0.000745967,0.0045136845
262,0.0075352408,4.014649836,0.2633722149,0.1336732981,0.9815022724,0.0252166623,-4.10664,0.00280474,0.148234,-0.0629851,-0.01375227
263,0.0023318503,0.2386090236,0.1356240776,5.636632832,0.1623089743,0.000445892304,-0.188985,-5.26595e-06,0.00327464,-7.86279e-05,0.0027202709
264,0.004369508847,0.1792210133,0.2822061068,0.7291378563,0.3376526436,0.00700797244,-1.54387,0.00162053,0.0259951,-0.00845532,0.0155395575
265,0.006658987633,0.1246552968,0.1073235803,0.2839777288,0.3645707559,0.00401356359,-0.463385,0.000299913,0.037807,-0.0106026,0.005473564
266,0.005485492204,1.007171245,0.137666103,0.7534123073,0.4878338205,0.00366465229,-0.640323,0.000227347,0.0280859,-0.00405427,0.005122123
267,0.008294017423,2.346557884,0.4203016471,1.278304614,0.2171359856,0.00227270494,-0.273264,2.59062e-06,0.0054207,-0.00176351,0.010301232
268,0.005838865731,2.097512131,0.11735043,0.3858588231,0.4459619624,0.0050065319,-0.835691,0.000210046,0.0462741,-0.0103622,0.0067806235
269,0.00185300028,0.9638165889,0.3351683139,0.1229387452,0.1595116841,0.0587213675,-27.4641,-0.00129652,0.157648,-0.434293,0.3593789
270,0.005471171933,0.822070821,0.2713978109,1.433721555,0.7540631615,0.00585462653,-1.04389,0.000519739,0.0229829,-0.00338755,0.005235247
271,0.00189770843,0.1757159227,0.2844544728,0.1416720062,0.5415879047,0.0693916798,-52.9896,0.131034,0.454524,-0.384702,-0.06295762
272,0.003187302522,6.872938224,0.2375246641,3.339185658,0.1302734215,0.00073059142,-0.20381,-5.90453e-06,0.0029062,-0.000218846,0.00560648665
273,0.007173422737,2.064779926,0.3053882064,0.3572670915,0.2179065376,0.00667495519,-0.930587,5.16987e-05,0.0222702,-0.0180873,0.0284981335
274,0.001693943595,1.531841546,0.1086449518,4.088068752,0.1242465961,0.000513088341,-0.285285,-9.56502e-06,0.0045885,-0.00012538,0.00411977535
275,0.001862442331,0.3745146046,0.4305486709,4.681405691,0.2244066104,0.0029253822,-1.51761,-0.000117811,0.00669342,-0.000622614,0.0129357015
276,0.001554725483,0.8516916292,0.4984576345,0.5120059839,0.1221113803,0.0191474495,-11.063,-0.00113585,0.0364048,-0.037372,0.15714978
277,0.001621127829,2.49869189,0.1680638542,0.8955537978,0.6934891381,0.0213532724,-16.7201,0.000862364,0.138921,-0.0254546,0.035416005
278,0.001387854998,4.027199025,0.1519634107,0.1764597841,0.3994092895,0.0720648217,-69.3005,0.00217157,0.47527,-0.445955,0.256677535
279,0.004825276646,0.128612561,0.1177331139,0.2803570206,0.1894414478,0.00386045628,-0.728609,0.000393059,0.0334101,-0.0121796,0.015434304
280,0.007956960992,4.189377084,0.334394126,1.25602088,0.8148234324,0.00667450176,-0.879137,0.000106596,0.0212044,-0.0048583,0.0068610655
281,0.008688591788,0.1861584364,0.1186675655,1.154864107,0.2945905812,0.000887991348,-0.0979808,1.81535e-05,0.00749103,-0.000731303,0.0027358381
282,0.002235401186,0.38097425,0.1862202781,1.107660761,0.5570723806,0.00902663886,-4.23096,0.00288867,0.054499,-0.00655153,0.0097722165
283,0.00720504949,8.555340477,0.2514667858,2.765725853,0.3044909806,0.00101676765,-0.137512,-1.31348e-06,0.00399685,-0.000366362,0.0033191605
284,0.001598304742,5.066864411,0.1930314929,0.2561995632,0.5486087401,0.0828612744,-77.7768,0.00258878,0.428499,-0.382836,0.254950125
285,0.009071988759,7.780290744,0.186380684,1.662679593,0.1877165003,0.000615105161,-0.0679131,2.13133e-07,0.00330759,-0.000368556,0.00325519575
286,0.002950820884,2.45014341,0.1314968069,3.701766651,0.6897725008,0.00214224707,-0.735062,2.13565e-05,0.0165641,-0.000557675,0.0029276225
287,0.003537456352,1.509499115,0.1857794472,1.487852893,0.1154616054,0.00108128841,-0.307262,3.07341e-06,0.0058457,-0.000724296,0.00930015105
288,0.007697578441,7.481442857,0.1891803953,0.5314748008,0.2604425521,0.00314115246,-0.414168,7.44522e-06,0.0168919,-0.00578896,0.0115750195
289,0.00132636512,3.08437223,0.1286399818,2.543685409,0.1125241346,0.00105842131,-0.711315,-1.88182e-05,0.00778009,-0.000416541,0.0094182607
290,0.004538192985,0.134430522,0.34074909,7.910051376,0.2131796294,0.000539196861,-0.118889,1.24635e-05,0.00158547,-6.77858e-05,0.0025069131
291,0.001435873405,3.86213545,0.2727295288,3.917717371,0.1442753646,0.00165386355,-1.04311,-2.06588e-05,0.00577444,-0.000423038,0.011500743
292,0.009986593757,0.1676051388,0.3167160241,9.933631696,0.7834272054,0.00065206802,-0.0640287,2.9651e-05,0.00205526,-6.33695e-05,0.000790269
293,0.003212647954,0.1124063063,0.1953964667,0.8414012948,0.3098383684,0.00520267016,-1.53601,0.00180234,0.0277325,-0.00538325,0.0123584305
294,0.002469452797,3.078631257,0.3991883162,0.3126680539,0.2806175395,0.036496405,-14.1347,-0.000288875,0.0883142,-0.117325,0.13391235
296,0.006597404526,1.647175384,0.1438829355,0.4225499659,0.1469500135,0.00198373508,-0.297519,7.61813e-06,0.0138693,-0.00458586,0.0128822525
297,0.001753473994,1.483922021,0.2781731243,0.121392383,0.1321927424,0.0432283954,-21.5513,-0.000989309,0.141586,-0.335493,0.32495214
298,0.008691077977,3.812592649,0.2499626245,0.3606991369,0.2322908448,0.00477185296,-0.548539,1.91611e-05,0.0194009,-0.012812,0.0192056615
299,0.001691700875,9.760080181,0.1965719972,9.363373965,0.3907216051,0.00113137119,-0.610435,-5.42681e-06,0.00551466,-0.000121602,0.002903849
300,0.008134606885,0.1977739028,0.3907926484,9.684154051,0.349001845,0.000460487152,-0.0564599,6.26009e-06,0.00117889,-4.71702e-05,0.0013041994
301,0.009675194352,0.4461316766,0.1109627952,0.7134949795,0.8092516783,0.00238065357,-0.185636,0.000162009,0.021558,-0.00231468,0.001290132
302,0.00641283067,7.014196816,0.2921177599,6.445196361,0.1268570716,0.000237186686,-0.0353047,-7.66087e-07,0.000793858,-3.67949e-05,0.0018677736
303,0.001874160068,1.27285446,0.1731228771,3.129316346,0.7304563488,0.0054796913,-2.97942,0.000117546,0.0323953,-0.00168877,0.0070250975
304,0.009695591157,0.150875063,0.1475774563,0.225310177,0.5348531062,0.00580275978,-0.40125,0.000316158,0.0398729,-0.0168433,0.003215806
306,0.008951371422,5.745479364,0.1921508584,0.3851684398,0.3780733759,0.00520632103,-0.588802,3.87103e-05,0.0282405,-0.012529,0.011769329
307,0.001265413029,8.397348374,0.2610962576,8.604097005,0.1251821916,0.000679230914,-0.496536,-3.08019e-06,0.00250334,-7.90384e-05,0.0054351449
308,0.007864880937,0.1340807199,0.3390214824,0.2079772884,0.3390997497,0.0141737439,-1.54817,0.00230757,0.044938,-0.0555707,0.021938555
310,0.003033330508,2.861428495,0.1425548229,1.528357292,0.1190441018,0.000968783651,-0.309122,-5.08504e-06,0.00669507,-0.000632555,0.0081010622
311,0.00167440868,1.56245539,0.1258559858,1.522060788,0.7785883817,0.00939249217,-6.54568,0.000707889,0.0830649,-0.00574751,0.010521844
312,0.001868918702,0.2156850364,0.2990266418,1.397545503,0.4189812934,0.0115904313,-6.50652,0.00367261,0.0416652,-0.00756749,0.02245501
313,0.004736952611,5.734923853,0.1684277528,0.164992386,0.5715053897,0.0254907534,-7.29988,0.00124548,0.19964,-0.123,0.022945995
314,0.001036481199,1.293592317,0.1016143721,1.513775098,0.1344901183,0.00222078454,-1.93779,-8.20355e-05,0.0208166,-0.00146701,0.016502781
315,0.006020483276,1.272833209,0.3059747045,1.661551129,0.4948368908,0.00383483631,-0.631688,6.61834e-05,0.0127763,-0.00218746,0.0069800985
316,0.002259124607,0.1980845355,0.1623719951,0.5464313003,0.142233928,0.00478983785,-2.10012,0.000350779,0.0300605,-0.00842827,0.0307734115
317,0.005013816963,0.6044014535,0.34548356,1.638228816,0.4600979702,0.00485765755,-0.954909,0.000191363,0.0143734,-0.00278131,0.0092809905
318,0.009500531194,0.445236967,0.3746367612,0.5685312716,0.5194834674,0.00788995821,-0.760107,0.000821658,0.0220823,-0.011415,0.0097319895
319,0.002979249543,2.786123002,0.2078668614,2.488811192,0.5593634338,0.00405439328,-1.31839,-1.12131e-05,0.0193239,-0.0016033,0.007041803
320,0.005787196951,2.09398171,0.2663809241,2.055279929,0.1775102812,0.00105337515,-0.182178,1.3356e-06,0.00396392,-0.00051025,0.0058843896
321,0.001147178373,1.105504443,0.1902738577,3.13481688,0.1348681169,0.00179433361,-1.39646,-8.75205e-05,0.00892517,-0.000572761,0.013312127
322,0.001479987307,0.3136499691,0.1259505451,0.2270950465,0.5254236124,0.0225118594,-20.1126,0.030479,0.288493,-0.0468797,-0.018532025
323,0.009276076085,6.644460612,0.2032616215,0.2644432221,0.3086558081,0.00638414836,-0.702468,3.91144e-05,0.0327497,-0.0226755,0.0180877045
324,0.00954073019,5.402977272,0.4841143419,0.6486908339,0.177002054,0.00366640989,-0.384828,2.22883e-06,0.00760113,-0.0056228,0.0204840515
325,0.005738919777,0.2772683575,0.1361680067,1.922716322,0.103122493,0.000338870806,-0.0589492,2.05369e-06,0.00249113,-0.000175359,0.0032573047
326,0.006334258301,0.4297871089,0.3725706256,0.2740333753,0.4379590058,0.0185967309,-2.85808,0.00412224,0.0574555,-0.053134,0.019294305
327,0.001519526155,4.764365145,0.3688923444,0.5789270363,0.1874100922,0.0185968604,-11.5778,-0.000135477,0.0483902,-0.0326184,0.103372135
328,0.002022659764,0.8282605516,0.1658669362,0.1684081657,0.2653965407,0.0301618742,-17.201,0.00420938,0.212022,-0.165189,0.08453549
329,0.008784009281,1.551748416,0.1097039459,0.307908709,0.1415164971,0.00148984092,-0.168044,1.05642e-05,0.0137175,-0.00468747,0.0098881745
330,0.002540582365,4.147846884,0.3043801678,0.4938242191,0.1611910304,0.00975337902,-3.4764,-0.000114223,0.0304615,-0.0198039,0.060931104
331,0.001505809666,4.808110817,0.1488442239,0.2376523487,0.1879677094,0.0194820692,-12.5284,-0.00010086,0.126039,-0.0834638,0.10993784
332,0.002692919735,0.2751270394,0.1084256637,1.335294576,0.2509161787,0.00191387637,-0.699732,0.000150746,0.0179858,-0.00134905,0.006772103
333,0.001582838015,1.518949059,0.2558303789,2.791350031,0.2068410017,0.0030174701,-1.71151,-0.000102623,0.0111895,-0.0010822,0.0146107555
334,0.004456837839,0.4746232434,0.126433131,6.241980397,0.5147926841,0.000611284748,-0.135237,1.48969e-05,0.00483166,-9.42949e-05,0.0011282814
335,0.002114542486,0.3810636022,0.3002848693,8.674164776,0.2335650495,0.00101452171,-0.481083,8.37084e-06,0.0033883,-0.00011654,0.00431471145
336,0.008284787764,5.995420891,0.1849857789,8.130261943,0.739878638,0.000538181359,-0.0645457,3.35103e-07,0.00289198,-6.52783e-05,0.0007213453
337,0.001222626673,0.2348361964,0.1383234608,7.282522232,0.3968584614,0.00160578245,-1.33045,0.000127376,0.0117896,-0.000215147,0.0038746115
338,0.006794305845,0.1271007249,0.2111914693,0.4759038391,0.1225136435,0.00208569682,-0.301468,4.73378e-05,0.00991909,-0.00427822,0.0161637805
339,0.001816171888,0.1188796361,0.2612248241,0.9673155862,0.4965645496,0.0148497973,-8.3551,0.0159234,0.0656339,-0.0117732,0.014344005
340,0.002598695291,6.30187567,0.1232544954,1.196079034,0.3787673808,0.00383613628,-1.38741,-1.8005e-05,0.0302012,-0.00320411,0.0101093405
341,0.001304915838,0.4731116919,0.3973843067,1.667707938,0.3293006015,0.0153721138,-11.1108,-0.000877828,0.0376291,-0.0091918,0.046442625
342,0.007560989689,0.5910988548,0.3858304549,6.22261835,0.3156135404,0.00068919212,-0.0908188,2.30178e-06,0.00178674,-0.000109915,0.00215791775
343,0.004472959849,7.643676361,0.3402078409,4.009519118,0.7929909253,0.0038251442,-0.787908,-2.00461e-05,0.0107957,-0.000955409,0.0048356065
344,0.003746516255,0.2714680012,0.1538522573,1.601476962,0.8967182243,0.00412219844,-0.927663,0.00141906,0.028508,-0.0016891,0.0017071825
345,0.002050703361,4.415011182,0.1813433013,0.1844293148,0.7221694182,0.115904017,-118.954,0.0123437,0.777874,-0.731838,0.29461565
346,0.005367165534,8.338769246,0.4446500953,3.822138415,0.1647805526,0.000908528526,-0.151114,-5.84788e-06,0.00193434,-0.000237716,0.0055100782
348,0.005203355749,3.442633767,0.3838814527,3.085436424,0.1915579558,0.00121076595,-0.222957,-7.1141e-06,0.00309089,-0.000391875,0.006300575
349,0.001071095796,0.6033195129,0.1653411009,0.4057393576,0.1054214777,0.0103598781,-8.97871,-0.000581156,0.0605796,-0.0254309,0.0973457465
350,0.005121250358,0.8569179124,0.4637144316,0.5673857206,0.4081286294,0.015821572,-3.1975,0.00103783,0.0364399,-0.0257259,0.031846425
351,0.00391483665,0.307141093,0.1320026415,0.4255697381,0.4337014577,0.00633984224,-1.40662,0.00176701,0.0522829,-0.010389,0.005685171
352,0.002161655952,1.419412101,0.4332573117,0.1911552072,0.1730933789,0.0458330665,-19.1784,-0.00112444,0.0996331,-0.233577,0.263476845
353,0.009213603497,0.1153666927,0.222555483,0.1962140498,0.9598190045,0.0102392134,-0.53061,0.000663976,0.0480627,-0.0241344,-0.00159336
354,0.008841819572,0.4519236275,0.2036050252,1.100000504,0.4878463985,0.00244393694,-0.258232,0.000120619,0.0121898,-0.00197656,0.0039716915
355,0.003388845316,7.065638288,0.275891026,2.390347831,0.6922406481,0.00595329549,-1.6593,-2.78586e-05,0.0208916,-0.00251712,0.008762259
356,0.00220879869,2.753393897,0.3352646132,6.346330521,0.7620398946,0.00456681318,-1.91056,-7.0698e-05,0.0130659,-0.000726304,0.0060826115
357,0.002566085088,0.277322373,0.4381356069,0.2108502106,0.2912977514,0.0555669924,-23.7602,0.0146101,0.144999,-0.250738,0.145362475
358,0.007902106729,0.643507681,0.4640332523,1.851057926,0.507549656,0.00408409119,-0.508956,0.000128375,0.00895798,-0.00208346,0.007189196
359,0.002112754728,0.7415203519,0.1555860635,1.228305644,0.6782346747,0.00892092017,-4.78366,0.00192223,0.06635,-0.00590729,0.008311726
360,0.004468919544,0.4587720589,0.24180372,0.1736802169,0.3005625325,0.0193558023,-4.44756,0.00397452,0.094102,-0.0934425,0.033117675
361,0.002602047937,2.129250222,0.1406685279,1.316592642,0.1740585807,0.00188402223,-0.704828,-9.10228e-06,0.0132552,-0.00142243,0.0106950275
362,0.004932556853,8.694553534,0.2501479864,0.3573705502,0.6149261276,0.021902482,-4.99793,0.000191475,0.094253,-0.0596668,0.033701315
363,0.003413059065,0.3549712288,0.1073990947,8.506470727,0.6249943833,0.00060103467,-0.172278,2.42756e-05,0.00555892,-6.70971e-05,0.0009051921
364,0.002318548421,0.61511363,0.1892182583,6.175089222,0.7823830346,0.00261763159,-1.15816,0.000178048,0.0142853,-0.000399381,0.0030202495
365,0.004095261228,0.479025385,0.123450805,2.436086065,0.5974723635,0.00177122328,-0.415061,0.000149395,0.0146958,-0.000638999,0.0023419345
366,0.001698406541,0.4119338491,0.1189044995,0.3695660732,0.1203451135,0.00586540962,-3.51536,0.000323975,0.0507335,-0.0154332,0.045481821
367,0.006195405671,3.87820628,0.24465128,2.621491351,0.2890701147,0.00115240758,-0.186873,1.6393e-06,0.00473297,-0.000436789,0.0039413835
368,0.001436342057,0.4009665524,0.1232192301,4.105511994,0.2138922286,0.00117875904,-0.82663,2.51882e-05,0.00964062,-0.000284282,0.005410979
369,0.008104696035,7.966469481,0.1699523541,0.7674858628,0.1409242479,0.00102024159,-0.126545,6.28793e-07,0.00603182,-0.00132327,0.00717528175
370,0.003396895016,0.1972526046,0.1701457561,2.143067123,0.5206004593,0.00285643956,-0.802411,0.000622589,0.0173652,-0.00115726,0.004135642
371,0.006309062425,0.1029775093,0.4506735118,0.1916861808,0.5395706595,0.0289195365,-3.67882,0.00956707,0.0775196,-0.110803,0.00648874
372,0.002527646249,0.1414805265,0.3892451976,0.2159491269,0.3472542804,0.0504773168,-22.3658,0.0374529,0.165638,-0.212714,0.06911318
373,0.008729891748,0.1321352913,0.1250979269,0.2032235358,0.6266218204,0.00576372484,-0.386333,0.000357945,0.0468039,-0.0161304,0.0011247385
374,0.002191219504,0.6897862211,0.3476080723,9.837601746,0.2097108909,0.000893576964,-0.389712,-2.79651e-05,0.00251554,-9.07258e-05,0.00424966365
375,0.001107022404,0.9107120346,0.1441749257,2.996533136,0.1125038911,0.00125539399,-1.02222,-6.77673e-05,0.00828229,-0.000418834,0.0111450875
376,0.009035189734,1.957608583,0.1735679521,0.2873685036,0.1691414911,0.00291937474,-0.320459,2.04714e-05,0.017057,-0.00979668,0.0160141825
377,0.002553463479,1.449756236,0.2564175614,0.3342886875,0.2205908003,0.0170694884,-6.62658,5.46159e-05,0.0671903,-0.0501435,0.073867145
378,0.001140398315,1.595980507,0.1101912787,3.085829522,0.1725175693,0.0013702583,-1.0795,-4.38006e-05,0.0118049,-0.000444245,0.007944665
379,0.002327022582,1.017550568,0.4642660871,1.964097017,0.1007501941,0.00265490757,-1.03856,-0.000116483,0.00546522,-0.00135116,0.02631101
380,0.002359944953,2.876385657,0.1521534347,1.607914863,0.1474387333,0.00153821638,-0.600046,-2.08387e-05,0.00971801,-0.000955247,0.010397426
381,0.004135169788,0.6356014182,0.1240147303,0.4381002234,0.1047555725,0.00188325328,-0.452445,1.84679e-05,0.0152824,-0.00421698,0.0172866275
382,0.009112463642,0.2700319808,0.4472511616,4.661818813,0.3645233754,0.00101334648,-0.110557,1.79701e-05,0.00227156,-0.000214023,0.0027065542
383,0.00946445876,0.6010497357,0.2230150767,2.025664374,0.4658682383,0.00138228795,-0.14234,3.17104e-05,0.00624562,-0.000646235,0.0026891
384,0.007211742032,1.771733961,0.3445074395,1.24136472,0.1691275438,0.00172228657,-0.23651,-1.48842e-06,0.00499057,-0.00137826,0.0100530035
385,0.001525162371,0.297473139,0.1135219138,2.754738355,0.7439991604,0.0043292372,-2.94214,0.00180682,0.0422755,-0.00123869,0.0035354635
386,0.002140558585,0.6732196728,0.1459478625,6.840347419,0.221132625,0.000584289336,-0.27415,3.9075e-06,0.00401821,-8.50208e-05,0.0026219252
387,0.001074393301,4.30479933,0.1628738445,1.310833047,0.8051331644,0.0302409595,-44.2315,0.000607391,0.197362,-0.032264,0.069279195
388,0.003405133574,0.2585660475,0.1543142799,0.1108086336,0.7633775387,0.0157001902,-2.64517,0.00430099,0.130971,-0.0611937,-0.011700675
389,0.004154631771,0.1145729764,0.2713766538,0.1650408037,0.1184881262,0.0117995494,-2.84707,0.00156934,0.0455514,-0.0694915,0.087524015
390,0.001880810032,0.2661477076,0.4089705982,6.436490088,0.89381124,0.00754950809,-4.2071,0.00159857,0.0194309,-0.00109716,0.0074184945
391,0.001062538467,5.130889104,0.1782321027,7.905715086,0.378717663,0.00186823304,-1.62794,-1.57119e-05,0.0100922,-0.000239191,0.0049943595
392,0.008883937129,0.2565049708,0.1038715698,9.238703863,0.810347985,0.000268102984,-0.0298943,1.86158e-05,0.00256594,-2.77127e-05,0.0003167206
393,0.007165156656,6.755152164,0.343166519,0.2460939836,0.1039416522,0.00534457621,-0.723085,-1.08155e-05,0.0153738,-0.0216468,0.0509999835
394,0.001175856219,0.1720885884,0.1338948326,2.186531626,0.1693252813,0.00230446861,-1.97158,0.000160632,0.017415,-0.00103498,0.0131231875
395,0.008339345071,1.334787029,0.2502087329,0.8781433598,0.1568229858,0.00141968381,-0.169093,2.24785e-06,0.00568232,-0.00159897,0.008865667
396,0.009238643268,0.6675367638,0.1115578099,2.573980764,0.1117785549,0.000139947697,-0.0151374,2.20304e-07,0.0012548,-5.42175e-05,0.00124695945
397,0.007762102681,0.5261159704,0.1584878337,7.17742692,0.491535236,0.000369846845,-0.0472438,4.53977e-06,0.0023268,-5.04268e-05,0.0007343372
399,0.003149714607,0.6102162539,0.2907580006,0.3281915908,0.7667865787,0.0298205801,-11.9545,0.0175866,0.151394,-0.0493298,-0.005699965
400,0.007209021578,0.1319980964,0.1960938269,1.224588326,0.3999883138,0.0021599427,-0.277337,0.000146835,0.0110726,-0.001601,0.004443295
401,0.009380509064,2.395353461,0.1185877543,0.1235106623,0.2090712238,0.00502834965,-0.521034,9.2705e-05,0.0446009,-0.0359764,0.0180843245
402,0.002189060315,0.1007944792,0.3166762972,3.94092107,0.1415607195,0.00138059626,-0.622614,-4.28948e-05,0.00434435,-0.000348037,0.009632448
403,0.001050690785,0.2055785558,0.2562425779,1.009849043,0.3945544725,0.0233534804,-24.3526,0.00891627,0.099557,-0.0217073,0.050283055
404,0.005892853658,9.898733318,0.3747410551,1.699755132,0.2595090163,0.00249199427,-0.382412,-1.19845e-05,0.00633508,-0.00146537,0.009588214
405,0.001117398524,0.6704200886,0.2497061959,0.1485169146,0.3349137492,0.123460209,-121.746,0.0144868,0.507374,-0.783814,0.3638234
406,0.008063705319,0.1371951195,0.1078045214,2.213523856,0.6912117528,0.000976651424,-0.108282,8.9549e-05,0.00906227,-0.000383361,0.0010770613
407,0.002408493024,0.1782677021,0.4203591982,0.134017829,0.1730062023,0.0557405497,-22.6428,0.00673723,0.134713,-0.389077,0.28429579
408,0.004510683946,4.168000857,0.1020589546,0.3176255024,0.1434368342,0.00266644262,-0.599453,1.05461e-05,0.0265722,-0.00823603,0.017863815
409,0.008964651127,1.806099892,0.4216292971,1.342851031,0.1706480913,0.00158529137,-0.174325,-3.74733e-06,0.00374283,-0.00117385,0.0091894425
410,0.003580346883,7.115394951,0.3547944571,0.2271974449,0.1071776792,0.0116377398,-2.91705,-8.45804e-05,0.0310773,-0.0512669,0.10895546
412,0.001091132598,5.81165711,0.2204770686,0.4287584823,0.1105324717,0.0120807974,-10.4438,-7.13195e-05,0.0527244,-0.0285114,0.11266703
413,0.00728795189,1.804027757,0.1952191699,0.2222358877,0.1900315818,0.00577777494,-0.784834,6.7409e-05,0.0303695,-0.0246433,0.0269230815
414,0.008657985924,0.5150540487,0.1080179489,0.320738987,0.8547886778,0.00413630106,-0.287392,0.000335251,0.0389808,-0.00668114,0.000405203
415,0.009752869651,6.437840159,0.3256224841,1.336990306,0.1591288398,0.00105505233,-0.108691,6.03874e-07,0.00325215,-0.000787047,0.00659479895
416,0.006873553668,0.2157592276,0.4288101181,2.332370984,0.4953194822,0.00332617887,-0.471129,0.000300055,0.00788219,-0.00133291,0.0058818405
417,0.001675623019,8.376484017,0.1420311519,2.697465613,0.2305737199,0.00173377132,-0.940525,-1.00495e-05,0.0116333,-0.000646653,0.0075876315
418,0.001588442216,1.375132268,0.4229689502,1.515071361,0.2464244375,0.0107303362,-6.16281,-0.000364168,0.0241674,-0.00712232,0.04409664
419,0.003193337771,2.175003684,0.1608811991,0.2018708032,0.1720876542,0.011024123,-3.55141,0.000142994,0.070969,-0.0530976,0.059548755
420,0.002612465677,0.1028368387,0.1216466435,2.861968562,0.3319767331,0.00136037711,-0.506222,0.000243019,0.0113259,-0.000444625,0.003614189
421,0.009488409896,0.3998173431,0.1568020762,0.291124936,0.2150486446,0.00299272613,-0.296411,7.86418e-05,0.0192985,-0.00944469,0.0116371475
422,0.001108105045,0.2829750573,0.1655022883,1.304152596,0.1839861922,0.0054986467,-4.9655,0.000169264,0.0335556,-0.0041456,0.0288072395
423,0.004238660674,0.4074044568,0.1759882554,6.744611188,0.5770305391,0.000922900537,-0.214301,2.84115e-05,0.00525546,-0.000131246,0.0015019101
424,0.00738704405,3.84190627,0.1872127254,1.664610059,0.2601827922,0.00104437397,-0.140428,5.51221e-07,0.00558284,-0.000620634,0.003937483
425,0.001188967635,0.9155278305,0.3273196964,0.42841369,0.3759851464,0.0621717951,-55.3133,0.00156026,0.188112,-0.146842,0.180073545
426,0.00669280135,7.894473516,0.1170507927,7.336366386,0.1767821223,0.000112094894,-0.0167913,2.30761e-08,0.000958777,-1.52687e-05,0.000633783
427,0.008422923714,1.232409507,0.1273023009,0.4090202595,0.1183708833,0.00115104304,-0.136132,6.36108e-06,0.00909671,-0.00276502,0.0093978575
428,0.00795668377,0.2017153684,0.1410392002,0.1952906808,0.1046304274,0.00244263699,-0.297944,3.60277e-05,0.0174134,-0.0120646,0.021570297
429,0.001838746577,2.624544907,0.1643124545,0.2013260976,0.1675463708,0.0189065888,-9.72983,-0.000181749,0.111831,-0.0936032,0.112756405
430,0.005351634911,2.994437199,0.1342701545,6.187832687,0.1362032087,0.000146869524,-0.0272849,-1.19173e-07,0.00109081,-2.3713e-05,0.0010770202
431,0.002720116787,0.3261219382,0.2832257986,0.1535623463,0.9057152741,0.0336012325,-11.9282,0.0282588,0.193249,-0.0911894,-0.03247826
432,0.00306293272,0.1668139068,0.1471180854,0.1954422585,0.3605321208,0.0133108456,-3.69333,0.00788337,0.107682,-0.0444239,0.00451233
433,0.002924769631,0.1337090114,0.4717563462,0.4273906765,0.584291608,0.0365458898,-13.4635,0.0478464,0.103064,-0.0621973,0.00901656
434,0.00552614485,5.201408463,0.3185874506,7.0508845,0.4109912736,0.000885316499,-0.152004,-4.16722e-06,0.0027094,-0.000125282,0.0021467514
435,0.002851966216,2.757311982,0.1225358592,1.412113836,0.2198385799,0.00176038975,-0.605876,-3.07012e-06,0.0142909,-0.00123564,0.007873378
436,0.008694049865,0.686786412,0.2300011931,6.10082811,0.3302500011,0.000381126101,-0.0437753,2.15539e-06,0.00165821,-6.18972e-05,0.001140211
437,0.007919677067,0.1746850757,0.4754730115,2.229174002,0.3970224096,0.00274324468,-0.338831,0.000166483,0.00581873,-0.00117769,0.0063437105
438,0.001524521977,8.437596323,0.160036233,0.2056140708,0.3557702918,0.051233043,-41.092,0.000315082,0.310667,-0.278825,0.201802065
439,0.008766693305,0.5891711203,0.1110208034,4.15221558,0.6390647729,0.000501716404,-0.0555569,1.2154e-05,0.00448861,-0.00011385,0.0007273696
440,0.003788166869,4.109860491,0.1329435064,0.2722552072,0.3806829948,0.0117425361,-3.44802,0.000295228,0.0981407,-0.0390627,0.024546625
441,0.004741406322,0.7597239577,0.3900245538,0.1302760078,0.3687905671,0.0489169914,-11.7698,0.00774397,0.157062,-0.338052,0.071168815
442,0.00224206456,1.301494638,0.3089371656,7.415539307,0.1947906068,0.000941924066,-0.384773,-3.02444e-05,0.00292231,-0.000126951,0.0048277427
443,0.002239812493,8.507407192,0.2565147058,1.082643788,0.1732610411,0.00438605198,-1.78485,-2.43596e-05,0.0162953,-0.00407539,0.0256034885
444,0.001502670521,0.3608409698,0.1318703824,0.1175592047,0.1809592879,0.0313055822,-23.4309,0.00795638,0.277394,-0.25066,0.126084125
445,0.003138827821,9.047354311,0.1828651034,0.7140419676,0.2615999677,0.0053708674,-1.57125,-2.56209e-05,0.028108,-0.00755625,0.0207123025
446,0.009772557588,0.1760593313,0.126075733,0.1277876921,0.6431955559,0.00704328404,-0.384034,0.000279215,0.0575602,-0.0285996,-9.6978e-05
447,0.008195877251,0.5721079935,0.4605842627,0.1744619984,0.1520966134,0.0125717061,-1.54074,0.000328399,0.028157,-0.0702275,0.075691545
448,0.004371637653,0.6086933601,0.4389735348,0.121311511,0.1849219727,0.0384069498,-9.03399,0.00168537,0.0926213,-0.308646,0.183975835
449,0.001003243966,7.58598402,0.12646839,1.119292661,0.145293233,0.00380127776,-3.5514,-1.89744e-05,0.0289362,-0.00344038,0.0268160855
450,0.001705425581,0.2023678235,0.3057792706,0.8847916209,0.4545110464,0.0208247862,-13.5862,0.0125304,0.078261,-0.0204554,0.031313185
451,0.005556264032,2.427459048,0.1315734921,6.276951178,0.6709054485,0.000664209872,-0.116913,9.5564e-07,0.00499672,-0.000102751,0.00095974895
452,0.001819364525,2.374763027,0.3997920401,1.479127938,0.1282057586,0.00464298008,-2.28784,-0.000103073,0.0110025,-0.00314508,0.0363476565
454,0.009918284825,0.729008182,0.170034574,0.1738650412,0.3651526911,0.00705970207,-0.599409,0.000421484,0.0437927,-0.0306595,0.0094313185
455,0.00390549501,0.1129303226,0.1204500298,0.6507244124,0.1312040412,0.00160569688,-0.402556,8.91845e-05,0.0134267,-0.00238475,0.011396132
456,0.009386560795,6.240412415,0.2045133516,0.7661608419,0.4396030337,0.00317705596,-0.340558,1.38083e-05,0.0159132,-0.00394739,0.0065720565
457,0.003791864725,0.4347522599,0.4672163099,6.84994145,0.172277446,0.000823109143,-0.216083,-2.30325e-06,0.00175939,-0.000119908,0.0047585696
458,0.005571319741,2.673153188,0.1371411442,3.426009525,0.176737707,0.000337298956,-0.0598562,-5.0046e-07,0.00244767,-9.81182e-05,0.0018987174
459,0.006826021097,2.486525821,0.1727478709,7.92338155,0.5560151328,0.000470771174,-0.0675279,-6.75472e-07,0.00269534,-5.85995e-05,0.00083594165
460,0.001168044631,0.1818658396,0.4842368089,3.73486062,0.1706952505,0.00496355037,-3.98209,-0.000825593,0.00994475,-0.00132577,0.0289117755
461,0.001833123023,2.983102508,0.2080438259,6.257184381,0.6247736681,0.00283748551,-1.4163,-4.38646e-05,0.0130353,-0.000456748,0.004590238
462,0.006007111284,0.6429502926,0.3904615089,0.5977867796,0.1971030835,0.00556968542,-0.916203,6.06453e-05,0.0143918,-0.0090764,0.0266862125
463,0.00281580534,0.3730068157,0.3293247699,3.677058697,0.1742367455,0.00146740292,-0.52068,8.3688e-06,0.00446459,-0.000397027,0.0083381315
464,0.001448664486,7.663279293,0.326777872,0.9780310855,0.1205363109,0.00636596872,-4.09566,-3.10406e-05,0.0187438,-0.00655295,0.0535804005
465,0.002502240419,0.7157519849,0.3074851807,5.119559003,0.507250276,0.00318433847,-1.27413,4.22056e-05,0.0104387,-0.000610943,0.0060734365
466,0.007248946103,1.27752582,0.3252740523,1.142993543,0.3940757751,0.00394556987,-0.53593,4.86786e-05,0.0123041,-0.00329009,0.0091011615
468,0.00365145346,5.470675081,0.2305477014,1.519509084,0.5748707428,0.00612241465,-1.61268,-1.70994e-05,0.0261343,-0.00399847,0.010500356
469,0.003322053694,5.934497558,0.1156265572,4.918076448,0.7404130181,0.00136590357,-0.39218,-3.71203e-06,0.0115419,-0.000273868,0.0018186375
471,0.002859043901,8.701653762,0.4685399913,1.140897831,0.9510140137,0.0378665605,-16.2847,0.000133764,0.0820693,-0.0387686,0.054418995
472,0.002800107728,5.218497404,0.3101317955,0.6871957991,0.7113145793,0.0304112627,-12.7124,0.000296343,0.101803,-0.0472984,0.049721295
473,0.004554434784,0.1113857842,0.1893693303,0.3869028485,0.5434211548,0.00885061452,-1.3673,0.00308641,0.0492459,-0.0143181,0.003620083
474,0.003195058554,2.231076655,0.2841920165,0.6071725425,0.7389359419,0.0256639507,-9.78485,0.00177852,0.104958,-0.0384194,0.02787428
475,0.001429427425,2.612121197,0.2428839099,3.146546749,0.2317944337,0.0030436524,-1.92499,-5.86849e-05,0.0119087,-0.000971927,0.013238813
476,0.00576085662,0.2092028009,0.377204419,5.950850461,0.1808927995,0.000530948973,-0.0922887,6.92425e-06,0.00141028,-8.88553e-05,0.0029157799
477,0.001590189794,0.184103164,0.1613453227,2.365578867,0.1333297375,0.00150865133,-0.939964,1.87457e-06,0.00935031,-0.000631571,0.0111008265
478,0.003890962272,0.7030831452,0.2988892252,9.435817496,0.9544698462,0.0019942765,-0.51048,5.99281e-05,0.00674136,-0.000201571,0.0019410515
479,0.001980010676,4.042636787,0.112764096,0.1993953269,0.2950463657,0.0214575301,-11.7959,0.000249696,0.198017,-0.10701,0.07284694
480,0.005169116661,0.546397201,0.1537171748,0.4806301325,0.2364269322,0.00361016416,-0.684089,0.000191469,0.0241784,-0.00692196,0.012856941
481,0.008795573566,0.5405308436,0.2470977471,6.638131113,0.21084302,0.000238243065,-0.0271078,9.50542e-07,0.000964875,-3.57633e-05,0.0011251732
482,0.001188309506,3.414808585,0.2356991279,5.253698215,0.7176124208,0.00661884173,-5.48739,-6.63908e-05,0.0274553,-0.00132747,0.009993388
483,0.00208738489,0.751376564,0.3121792547,3.667547902,0.5285181382,0.00558683279,-2.62727,1.09083e-06,0.0178832,-0.00149487,0.0101943745
484,0.001391529023,0.3617696467,0.1916286205,1.722195048,0.1255848248,0.0026556643,-1.8884,-1.8725e-05,0.0138285,-0.00153369,0.02090055
485,0.009950644159,0.1268433839,0.115775171,4.805601325,0.4665366071,0.000295002737,-0.0290823,9.18269e-06,0.00254841,-5.97341e-05,0.0006030845
486,0.00565712109,0.1002283879,0.2303302957,0.4890685663,0.4915697665,0.00760806914,-1.04392,0.00191869,0.0340962,-0.0112888,0.006771265
487,0.001039036537,1.771997612,0.2737441808,3.32526931,0.3700041683,0.00709580519,-6.42821,-0.000159004,0.0249261,-0.00217807,0.01992137
488,0.001287526036,0.5191435639,0.2710439986,1.143134147,0.1685338662,0.00802963702,-5.78704,-0.000529879,0.0286251,-0.00699929,0.0472563675
489,0.002117394216,0.497877399,0.1036229603,9.756905109,0.1719544762,0.00022927003,-0.106935,-2.17244e-06,0.00219977,-2.34282e-05,0.0013281739
490,0.00164865047,0.3341522774,0.3359932085,2.872871864,0.6239078843,0.0110882612,-7.06273,0.00176575,0.0347639,-0.00364232,0.015763845
491,0.005613426999,0.1297777838,0.2678621366,0.4104531889,0.5331774173,0.0105470768,-1.43798,0.00338141,0.0417601,-0.0175278,0.0064568
492,0.001742044562,0.2166370748,0.1111730658,0.4870583495,0.60310895,0.00969854821,-5.00547,0.0100269,0.108239,-0.00898319,-0.002107545
493,0.003117902155,0.104505576,0.2574728751,5.573191182,0.9242454203,0.0031066192,-0.929786,0.00152459,0.0124518,-0.000462989,0.002352093
494,0.003584935848,1.306782919,0.2015275787,2.025546467,0.7295727126,0.00489345868,-1.42979,0.000276282,0.0259046,-0.00217405,0.005457693
495,0.001175335334,3.272473874,0.1940498588,9.849890042,0.2899312239,0.00115519918,-0.889477,-1.74749e-05,0.00567024,-0.000117748,0.004000338
496,0.002153444156,0.764105488,0.3157285808,0.1149572161,0.2435713704,0.0763460845,-35.5225,0.00388726,0.246894,-0.613783,0.2770993
497,0.001474841055,0.1437932035,0.2282793959,0.1005203304,0.1734233084,0.0624387566,-41.8095,0.0188526,0.28576,-0.559514,-1.86821515
498,0.001890838285,2.743163178,0.2427784351,0.5723072137,0.2721354555,0.0153875494,-7.72859,-0.000166478,0.0612938,-0.0271303,0.05793703
499,0.001984328297,0.1063468847,0.3388146173,0.2477986571,0.1957037106,0.0326619356,-17.0488,0.0108374,0.105606,-0.127222,0.135160735
