,0,1,2,3,4,5,6,7,8,9,10
0,0.003796092428,1.795653484,0.336463923,0.190232817,0.5195342402,2.97582395,-890.936,0.145743,9.63637,0.615944,-0.4693965
1,0.002085742295,0.8290330358,0.203550953,0.2070899127,0.3426028146,3.29646319,-1731.52,0.252023,17.2621,0.496581,-0.6489625
2,0.003463122712,8.40936925,0.2696274888,7.049725288,0.3404681885,2.60256978,-695.656,-0.0118197,9.29296,-0.00076068,0.0170245
3,0.009424101939,0.1967810909,0.2432609418,0.1434143535,0.6592309055,0.795035388,-77.372,-0.00889255,3.27822,0.435079,-0.20191075
4,0.003820891996,0.1021231005,0.1531388187,0.6654838634,0.9341026151,1.22045531,-288.682,-0.0582707,7.95088,0.158579,-0.232553
6,0.0094282491,8.730888891,0.2037994758,1.627332272,0.2521032856,0.753936309,-80.0368,0.000105008,3.70408,0.000714786,-0.00952125
7,0.003511142746,0.9114162083,0.1123168921,0.2976799788,0.2430923473,1.08409686,-302.958,0.00639605,9.72031,0.107592,-0.278483
8,0.008838888592,3.42827635,0.4143362467,0.2687870513,0.1064973474,1.63491976,-184.999,0.00042209,3.95043,0.00977224,-0.057561
9,0.004646345805,0.3512307619,0.1190001561,0.7967091232,0.5473030976,0.853253319,-175.383,-0.00364985,7.16312,0.0449326,-0.13241985
10,0.005109918115,5.186200964,0.1406278557,0.5463075203,0.7477436941,0.916127299,-194.63,0.0117253,6.94732,0.0790855,-0.1156918
11,0.003522039451,0.135110039,0.1869082924,7.100851493,0.1030934991,1.86221605,-529.556,0.013104,9.97272,8.98957e-05,-0.0123505
12,0.009861374888,0.1692356499,0.3280465498,0.5321476707,0.4145795447,1.14045264,-113.253,-0.00162499,3.47709,0.0433523,-0.113555
13,0.005255214293,0.4213492131,0.3600649894,8.075982873,0.2532918265,2.40255749,-454.479,-0.013623,6.65662,0.000333208,-0.021226
14,0.007960860824,0.3442257119,0.1673690872,0.3312964526,0.1289325671,0.734069774,-91.8078,0.000347849,4.38714,0.0103844,-0.05463655
15,0.004780878125,0.2596700917,0.1182497741,2.789659021,0.1571099877,0.866681738,-181.194,0.00166822,7.3329,0.000459094,-0.0162938
16,0.001166158297,0.6076084313,0.2322836107,2.663445315,0.8672207844,7.18996618,-7089.99,0.56483,32.3865,-0.147062,0.9271075
17,0.001567115003,0.1539368432,0.4051587995,6.276108056,0.9163669507,8.8195682,-5838.64,1.73751,22.4301,0.0326129,-0.4483205
18,0.003119485075,0.6455801849,0.2832160991,0.7526758325,0.1285189195,3.16350497,-1015.49,0.00942582,11.1943,0.0104662,-0.135175
19,0.001939994205,0.2350295099,0.1320126238,0.30447362,0.7305994516,1.83246069,-813.81,-0.0296226,13.9263,0.787453,-0.691797
20,0.001779568169,0.2227721808,0.1793165519,0.1366304148,0.1043220532,3.47265935,-1946.47,0.0427714,19.5435,0.203721,-0.9606445
21,0.002963638086,2.965024686,0.1932444626,2.378328083,0.3637559624,2.25930966,-737.694,-0.0129406,11.4972,-0.00154694,0.0157565
22,0.004792251981,0.7129822483,0.224259485,0.1870446403,0.8719816133,1.27353099,-227.554,-0.016721,5.67051,0.851214,-0.3882335
23,0.004276599355,1.452807487,0.2298604379,5.841817274,0.2124261517,1.87634659,-438.277,-0.000216286,8.16207,0.000236631,-0.014006
24,0.001190485701,2.049901833,0.1234674185,0.3287647307,0.3144914608,3.76300382,-3497.98,0.0501935,30.3772,-0.594697,1.976863
25,0.00691460429,0.3778256823,0.3899428106,0.3427905611,0.1015304034,1.97406596,-285.234,0.00491054,5.06918,0.0160247,-0.123359
26,0.006770565089,2.852527125,0.1164493803,2.431035992,0.6559063109,0.592883888,-86.205,0.000128308,5.09332,0.00409674,-0.02995165
27,0.003004424052,0.2324795275,0.1249022146,1.247028388,0.2029693124,1.44760086,-478.894,0.00661832,11.6029,0.00952368,-0.117826
28,0.007450444577,7.597439228,0.3625038572,2.379976983,0.6908746175,1.69113984,-224.505,-0.00116569,4.64218,0.000320836,-0.00372550000001
29,0.004425856721,5.964096806,0.4874266024,0.8713179319,0.1284248335,3.71774076,-779.407,-0.0228961,7.34748,-0.0056395,0.0738815
30,0.006404264817,7.083115012,0.127583915,0.93868611,0.4573815615,0.687873941,-108.877,0.00122093,5.45892,0.00841136,-0.03430045
31,0.001195412321,0.2123833331,0.3096026775,2.967994225,0.1294927658,9.01870119,-7381.4,-0.454078,28.8224,0.000674983,-0.049997
32,0.008988031063,0.1895745645,0.4506017338,0.5418177626,0.4227039533,1.71461174,-186.469,-0.00259099,3.8074,0.0694651,-0.185165
33,0.001290603697,0.7766438057,0.3564072818,6.705768637,0.1421757123,9.2758702,-6649.65,-0.452112,25.0467,-0.00125988,0.0897295000001
34,0.001652989174,0.4208354755,0.261616982,0.1533701995,0.2636548928,5.36706566,-3416.43,0.482299,21.3822,0.819562,-1.134767
35,0.002516193917,0.1247713171,0.3797257485,4.00787636,0.1384784935,5.28470511,-2078.68,-0.190882,13.8548,0.00167732,-0.099191
36,0.005643468569,0.215644623,0.3770851593,0.2583258119,0.1101266847,2.33277447,-412.489,0.0122262,6.20089,0.0393935,-0.236521
37,0.005059461129,0.3346282327,0.2050191756,0.1330047495,0.2227168076,1.36237694,-261.405,0.0015078,6.70317,0.306908,-0.4687075
38,0.006520732949,0.2229893963,0.1622003097,0.2923960503,0.1303870649,0.866849042,-132.123,0.000429195,5.34629,0.018808,-0.0877779
39,0.002595436693,4.154177342,0.3321081597,0.2214580626,0.3718476242,4.54224226,-1844.62,0.0144324,13.3541,-0.566553,1.5740785
41,0.004660418897,7.935116364,0.1062236956,1.069790098,0.2670251482,0.793670053,-169.263,-0.000224694,7.45602,0.0011849,-0.01038645
42,0.007721963065,3.061578769,0.1052083685,2.9534958,0.1090792536,0.478127055,-61.5967,-0.000374583,4.53368,6.30989e-05,-0.0034315
43,0.001285781237,1.699146071,0.1736816468,0.4159083034,0.7189084136,6.26363253,-8565.13,1.03424,40.304,-2.96871,6.2763075
44,0.002093425177,0.3449497906,0.4351216128,0.5811230052,0.7370935699,6.75582867,-3757.45,2.24644,17.4602,0.756665,-1.373661
45,0.008492078428,0.6143981502,0.4159968753,5.92889958,0.6186152478,1.71027517,-200.544,0.00220214,4.11445,0.00167763,-0.0320635
46,0.001409818392,1.191846837,0.4652997984,6.247977159,0.1313412544,10.8686956,-7138.18,-0.342506,22.4858,-0.00180333,0.138835
47,0.007072270991,1.193303908,0.2927372185,0.2833425481,0.6676351415,1.2991579,-172.257,0.00917095,4.49485,0.362812,-0.325029
48,0.001689648201,7.528114541,0.3122379471,4.34254693,0.1111742521,5.86116269,-3258.44,-0.0241317,18.1937,-0.00179299,0.1175145
49,0.003887154738,0.2585147726,0.2202203346,3.198186856,0.2083129572,1.98427133,-509.412,0.00242263,9.01326,0.00167619,-0.051517
50,0.003887154738,0.2585147726,0.2202203346,3.198186856,0.2083129572,1.98427133,-509.412,0.00242263,9.01326,0.00167619,-0.051517
51,0.00644549908,3.447590452,0.1904141471,0.3582232449,0.1290920575,1.02899449,-159.293,0.000132093,5.40738,0.00889033,-0.0523235
52,0.001175128058,0.2211549526,0.1769027344,1.140683139,0.1144091673,5.24697752,-4475.98,0.0541508,29.7349,0.00971225,-0.2153435
53,0.006931682444,0.5308021687,0.2617499773,0.1047361752,0.1674645963,1.29576776,-184.554,0.00333273,4.98856,0.191393,-0.3373025
54,0.001358871582,3.050223966,0.4313368628,1.14171181,0.7072468576,12.5487613,-11530.9,0.145083,28.4973,-1.95773,8.299345
55,0.001918861228,0.3643925314,0.1158587665,0.2325759156,0.7186603759,1.57182998,-718.535,0.0473412,13.8244,0.978512,-0.6684255
56,0.006124398201,0.204685468,0.4206797041,0.5048444091,0.7573515245,2.18953127,-330.467,-0.0577877,5.19271,0.281209,-0.392754
57,0.001016601735,5.857048341,0.1122211669,3.486220468,0.1049495088,3.53266369,-3256.74,-0.0196265,30.473,-0.0023095,0.115212
58,0.004134712079,0.7798452745,0.2167354252,1.101111012,0.2720026773,1.8175092,-434.405,-0.00282003,8.37695,0.0154123,-0.1267745
59,0.005735896106,1.49077709,0.1733692078,0.8555706301,0.4940293897,1.0272108,-175.442,0.00286744,5.95079,0.0344126,-0.1199855
60,0.007050588545,0.3144658583,0.3582706756,0.864054725,0.103356885,1.78143885,-252.842,0.00583052,4.97759,0.00279785,-0.0477805
61,0.004219174199,0.1938745888,0.2184000847,4.576705894,0.3985879607,1.80560853,-426.176,0.0101117,8.27646,0.00249492,-0.0573425
62,0.004372392443,5.607925502,0.4748523059,0.4914961011,0.226696959,3.69430225,-797.036,-0.020382,7.52798,-0.0391727,0.216814
63,0.002920238507,9.806292919,0.2566142808,0.5027029599,0.3379214002,2.99742492,-1022.5,-0.00580707,11.4029,-0.203708,0.690994
64,0.002944499523,0.1556491924,0.2731599715,8.209069501,0.1362099989,3.25558735,-1101.55,-0.0327125,11.8996,0.000231093,-0.027979
65,0.001028703169,0.1923873524,0.2034647959,3.17963225,0.1747486058,6.89360788,-6656.26,-0.0988264,33.7926,0.0026009,-0.106148
66,0.004394124865,0.3707500497,0.2527295883,2.143304285,0.1016073413,2.01793481,-457.54,-0.00779362,7.97318,0.000778576,-0.033113
67,0.001959279803,0.1568837748,0.1480146258,0.8267025527,0.1318859657,2.63152053,-1329.37,-0.0271526,17.7564,0.0222403,-0.2930445
68,0.001457566613,0.8905423437,0.3589450571,4.943045742,0.1221836642,8.30254378,-5273.71,-0.34918,22.2685,-0.0012459,0.075089
69,0.001183711081,1.163881777,0.1462423861,0.7303246744,0.1699508983,4.23157952,-3411.03,-0.096499,28.1292,-0.042072,0.427316
70,0.004913837847,8.78773188,0.1627050235,0.1134604657,0.1878675111,1.14970366,-233.22,-0.000126139,7.04391,0.0130398,0.0110195
71,0.001488376214,2.000097234,0.1742698431,3.623427633,0.5503642848,4.01061608,-2620.15,-0.0491813,22.5076,-0.0237018,0.275218
73,0.001642883721,7.097975047,0.4056793095,0.2438868267,0.8796069041,11.1349177,0.0027695,0.0027695,0.0027695,0.0027695,0.0
74,0.006637391282,7.365622055,0.3137192927,0.1129625353,0.2353358726,1.6393092,-247.754,0.000876102,5.23419,0.0688043,-0.034657
75,0.008972605557,0.3464145626,0.2911895513,0.8771869524,0.128735991,1.13690588,-126.607,0.00140235,3.90607,0.00214612,-0.029494
76,0.00127550759,1.016404318,0.4439560085,0.7474378585,0.1350005662,11.5369351,-8475.11,-0.382036,25.0434,-0.0665359,1.18818
77,0.009849888126,0.2527159617,0.1093138284,0.9231400791,0.3715508599,0.3849251,-38.6541,-7.03545e-05,3.5213,0.0045042,-0.0224467
78,0.001831203534,6.007736586,0.3591739641,0.4528211876,0.2003462541,6.43600697,-3420.61,-0.0244982,17.3726,-0.269829,1.709378
79,0.00204222887,0.1850276379,0.2135926334,0.7231731307,0.5203599683,3.34737368,-1586.81,0.343477,16.0419,0.323361,-0.95831
80,0.003224276785,8.55954947,0.2781930764,0.4333200936,0.5924842196,3.19100271,-1140.55,0.0111452,11.5535,-0.682327,1.2421895
81,0.003484754137,1.635579592,0.1082253592,0.1663540974,0.407314083,0.97226532,-281.5,0.0278894,9.47427,0.496177,-0.4419118
82,0.007195026581,0.7485633267,0.2732331927,9.07008896,0.1539673331,1.33332806,-185.205,-0.000263663,4.87909,4.19293e-05,-0.0049225
83,0.005217807857,0.7688271581,0.3226516821,0.1505599629,0.2900794464,2.06362902,-391.434,0.0285877,6.55264,0.432816,-0.646422
84,0.007859691498,0.3250578527,0.3760322524,0.1013239475,0.2698148522,1.60242332,-198.089,-0.00164907,4.31826,0.438802,-0.4916965
85,0.001217406515,0.1769548021,0.2341370018,0.1380557557,0.1386656728,6.60606241,-5514.09,0.493169,28.7679,0.490505,2.4150715
86,0.00166000038,0.946139811,0.285439421,1.769625739,0.3052325217,5.92112835,-3424.36,-0.144911,20.2589,-0.0212036,0.2546755
87,0.007541524115,4.205856758,0.1215823176,1.188786111,0.3982767357,0.558557803,-73.0929,-0.00015542,4.58831,0.00506275,-0.0299864
88,0.001307684501,3.021008832,0.1010684107,0.2507978172,0.174489192,2.6642669,-2015.06,-0.0134679,25.6931,-0.207999,0.905525
89,0.007854406911,1.498065588,0.3421092913,5.1720634,0.2650546815,1.52464466,-191.949,-0.00509651,4.43431,0.000333892,-0.013102
90,0.008990076106,1.9171386,0.1742838942,5.998229029,0.2696347927,0.68013476,-75.5265,-0.000112731,3.90115,0.000119006,-0.00521305
91,0.004962993369,9.005212771,0.2956708725,2.502055911,0.930472436,2.06276626,-410.265,-0.00357989,6.88375,-0.0151285,0.0710545
92,0.006822902932,1.755450594,0.3048509265,4.888674853,0.1362955114,1.56259138,-226.836,-0.0041076,5.1023,0.000100683,-0.00810099999999
93,0.0018077307,0.1433701711,0.4211295201,3.604400736,0.16851557,8.1250345,-4495.31,0.052174,19.3135,0.00379742,-0.174028
94,0.005108974681,2.276308127,0.1341127774,1.281625478,0.4679355946,0.901770966,-175.036,0.00182153,6.75442,0.0123348,-0.06729235
95,0.006929842441,0.8082541889,0.3978380565,5.582844151,0.8696324604,1.98731371,-282.739,-0.00131861,4.99213,0.00463032,-0.059007
96,0.00566192281,0.5480016102,0.1224836613,0.2635887612,0.4721620415,0.698781321,-115.097,-0.00522586,5.68998,0.156993,-0.17956115
97,0.009510229258,4.644896745,0.1590429885,4.520243144,0.383047559,0.584808522,-60.7953,-0.000573258,3.66005,0.00029062,-0.0066052
98,0.005466289608,0.4329312066,0.3824085345,1.02257606,0.2297042748,2.43919953,-442.207,-0.0071235,6.3717,0.0154527,-0.141728
99,0.001314814611,6.931237127,0.2092593588,0.2185793185,0.12505958,5.18637302,-3863.9,-0.0145684,24.0764,-0.438696,2.288525
100,0.003358474543,6.42073846,0.2688216421,0.1526720147,0.2129862466,2.74713509,-794.762,-0.00773849,9.92031,-0.140353,0.489076
101,0.002541833758,1.873460505,0.1364684839,1.008088971,0.1247186079,1.87149632,-727.319,-0.0057675,13.6366,0.00115182,-0.0229855
102,0.001871349581,0.4200714505,0.4283670909,0.2258330238,0.3760735251,7.80016832,-4431.4,0.790105,18.9565,0.758424,-0.8484675
103,0.008076085079,3.486574666,0.1078329458,6.683613601,0.876992276,0.464105885,-56.8577,-2.46408e-05,4.30045,0.000710133,-0.01016385
104,0.001215659832,1.59107801,0.3456120167,1.187349604,0.5302306895,10.2650542,-9313.77,0.0581864,29.2776,-0.734547,4.191365
105,0.002497343791,0.3477592146,0.1088869435,0.3288564897,0.3222193939,1.42298636,-544.327,0.0243788,13.1916,0.245005,-0.5305955
106,0.008377121325,0.1149740195,0.1830455582,6.914189685,0.3262946976,0.765523063,-91.2487,-3.14262e-06,4.18214,0.000162104,-0.00686165
108,0.002091758957,2.159398847,0.1624018093,6.566667331,0.2575375679,2.67358517,-1208.76,-0.0340984,16.0154,-0.000322023,0.00883350000001
109,0.006709445383,0.5333530812,0.1196850819,0.5027222876,0.4470318013,0.601584003,-86.5324,-0.000959646,5.02387,0.0397362,-0.0903034
110,0.002273843164,0.206838439,0.1076809777,4.346315731,0.1028401777,1.66173339,-729.321,-0.00482568,15.4227,0.000316455,-0.026754
111,0.001579450046,0.6161749818,0.3322547012,3.816627018,0.2522691412,7.24784535,-4358.59,-0.305179,21.2524,-0.00325138,0.0872345
112,0.005273885952,0.4452569111,0.3135770524,0.3145964388,0.1054778276,2.07819427,-391.739,-0.00472321,6.6252,0.0254255,-0.1785575
113,0.003782798516,0.1949789489,0.1651869232,4.836382456,0.1203629021,1.53205066,-405.572,0.00800923,9.28409,0.000201679,-0.016177
114,0.005232332851,0.8200721176,0.1721770446,1.360681325,0.2966244588,1.14491554,-216.682,-0.000646262,6.64673,0.00742378,-0.068296
116,0.004696543083,0.1578341496,0.1329969376,1.020226173,0.5694951967,0.950863253,-194.793,-0.00614356,7.14504,0.0333951,-0.1209616
117,0.002772688998,0.2658785597,0.3726720086,2.987592896,0.1054379972,4.69656457,-1681.09,-0.0605014,12.5599,0.00109104,-0.0664715
118,0.002250026747,6.092564589,0.2883116279,0.3891540461,0.5283859701,4.87610302,-2567.65,0.0307235,16.6537,-1.35377,2.9854315
119,0.00698062746,0.7392863876,0.1201758152,9.538774598,0.2392856683,0.603845435,-86.5899,0.000693579,5.02891,4.39111e-05,-0.0034581
120,0.005166741253,0.1455098449,0.2087521327,0.2040707528,0.7204623474,1.1935972,-206.321,-0.0458458,5.72276,0.559897,-0.3385765
121,0.00102885794,3.036950077,0.2100626416,3.944200724,0.5489898065,6.84052351,-6707.71,-0.0521059,32.0789,-0.0956442,1.16925
122,0.00468320113,0.8665167658,0.1986662567,0.8552167723,0.1089290387,1.48414575,-313.46,-0.00767103,7.43746,0.00333652,-0.0537455
123,0.001752034737,5.521852785,0.4202746623,0.4189306911,0.497019942,9.14307908,-6213.17,0.0607151,21.0083,-2.55922,6.927189
124,0.006571111365,0.1274080348,0.129450348,0.1193442886,0.252821901,0.658669051,-96.5515,-0.00278738,5.1018,0.196981,-0.20264935
125,0.009075222748,1.30882108,0.4430346176,0.7943289509,0.7129841918,1.63906212,-175.677,0.00701936,3.72306,0.0794755,-0.180427
126,0.009428423948,0.3961412811,0.2515055234,0.4967393997,0.8896129695,0.856644702,-84.6874,-0.00672261,3.39974,0.106395,-0.12122205
127,0.004958038672,0.5314770046,0.1219656217,5.513426047,0.2401324027,0.862292291,-173.991,0.00170329,7.07732,0.000263083,-0.0120149
128,0.001710673899,0.538455309,0.1409536706,0.4006151397,0.2035943151,2.83459986,-1699.56,0.103471,20.5397,0.0964471,-0.4269895
129,0.005978529374,0.7425460972,0.1917229543,3.828271916,0.8691731503,1.09947734,-180.414,0.00255188,5.74507,0.00644141,-0.056946
130,0.005841439861,0.1702529896,0.2062220552,0.4410863874,0.8079146805,1.10323049,-173.349,-0.0246165,5.34042,0.186448,-0.209207
131,0.0075667114,0.7918359073,0.2866594648,0.140593159,0.5842314936,1.15628658,-137.849,-0.0113065,4.0397,0.678078,-0.3629045
132,0.005436088919,1.776222979,0.1923915609,0.9243994588,0.1577529139,1.23463399,-225.003,-0.00229135,6.39655,0.0036341,-0.043577
133,0.001461890394,2.239553995,0.1551156946,1.788690122,0.2385292588,3.59105535,-2316.25,-0.0522733,22.4066,-0.0163171,0.231045
134,0.008078981993,0.1144255296,0.3427515129,0.145625775,0.2733598781,1.43448156,-172.8,-0.00688333,4.20908,0.253285,-0.3352875
135,0.001324126126,1.172897197,0.1952902869,0.4940199783,0.8558621099,6.55653627,-9419.47,2.11953,41.8978,-1.91108,4.216938
136,0.003862542745,6.069285544,0.461425693,0.7745213261,0.1303202341,3.9995879,-960.494,-0.0245171,8.34476,-0.0102817,0.126819
137,0.005464358011,0.3273862232,0.2053858486,0.1669088287,0.3119517651,1.24060737,-216.277,-0.00726433,6.06654,0.323749,-0.396053
138,0.001207757212,6.147688707,0.2062511741,0.4579187393,0.1451602971,5.53655715,-4460.03,-0.0206941,26.0852,-0.22825,1.8431345
139,0.002999622112,1.670646738,0.3078730651,1.979157923,0.1906654106,3.56289118,-1147.5,-0.0364025,11.377,-0.000405808,0.00229600000001
140,0.002485956166,0.1092911041,0.2774344691,4.426167383,0.3312550802,3.88972948,-1551.91,-0.0163663,14.0143,0.00636363,-0.170628
141,0.002328289925,0.4613084219,0.1730409236,4.626280175,0.1140836786,2.59602291,-1109.3,-0.0127096,14.9693,0.000327582,-0.0291985
142,0.004355941721,0.5567216041,0.3951408044,0.8754146441,0.3200655631,3.12819698,-712.429,0.01464,7.94369,0.0470616,-0.273215
143,0.00204891913,0.895463313,0.3206968576,1.983351185,0.3311443876,5.42402634,-2572.45,-0.093,16.6541,-0.00668778,0.0790635
144,0.002559964711,0.2750053973,0.1819542093,0.3493436336,0.1416567885,2.45887357,-948.586,-0.00643796,13.532,0.0772489,-0.4529845
145,0.005896449825,0.8976377858,0.1886432807,0.2067154068,0.6862700346,0.954363571,-143.829,-0.00821453,5.04103,0.442827,-0.2783256
146,0.004014436819,4.772138175,0.2873272131,6.541906953,0.5496230936,2.46228325,-581.052,-0.0141346,8.34158,-0.000797595,0.011958
147,0.001729674095,0.2273629559,0.2729399246,2.494884544,0.1028388497,5.5083855,-3187.63,0.0216689,20.2018,0.00187639,-0.102172
148,0.005376335381,8.591763512,0.3452599355,3.483508538,0.1415852703,2.19416082,-380.821,-0.00857332,6.14304,-0.000166893,0.001922
149,0.001351417211,0.9204439821,0.1928458061,1.543780005,0.7076638939,5.12988363,-4341.3,0.272657,27.8233,-0.152283,0.707465
150,0.001766620947,4.159565306,0.2578237356,0.138998838,0.1414140256,4.87436533,-2668.9,-0.0251956,18.2791,-0.361032,1.5130195
151,0.004781093305,0.128156108,0.3356786889,1.29512151,0.6823443305,2.34687425,-470.211,-0.0236688,6.98657,0.0715639,-0.2757605
152,0.009465308301,2.658357991,0.3604306418,0.1077694172,0.4568136774,1.22294052,-127.969,0.0112072,3.5354,0.661404,-0.4062625
154,0.004269809151,5.412611348,0.1468960074,0.8977564209,0.1076817512,1.19870547,-275.228,-0.00215261,8.08214,0.000257317,-0.0076495
155,0.00198172345,9.528579409,0.1367152174,6.913194521,0.3536274671,2.25914874,-1060.1,-0.00894186,15.9574,-0.00174808,0.024929
156,0.006499254338,0.1547776406,0.4469382586,0.3157979962,0.1174218326,2.40204211,-368.683,0.0109469,5.38268,0.0293449,-0.191647
157,0.008557453035,7.855085935,0.1342432253,4.99608404,0.2655827408,0.547831987,-63.6495,-0.000172445,4.07073,8.92014e-05,-0.00328205
158,0.002760934168,0.2160684558,0.1389460333,5.425474218,0.3775227882,1.75461432,-631.695,0.00465655,12.635,0.00231463,-0.066338
159,0.006185716609,1.61014431,0.30738645,3.712341265,0.4019903193,1.73102976,-277.825,-0.00190319,5.62141,0.0017121,-0.0315165
160,0.002315912747,6.991942196,0.1315343552,1.269711209,0.4703794804,1.95655458,-837.791,-0.00543062,14.6214,-0.0469703,0.2338865
161,0.009798344805,6.119444409,0.3888476785,0.5231863846,0.5921783303,1.35951821,-142.898,0.00540515,3.58315,0.0487512,-0.088522
162,0.001407822381,0.3187527042,0.3070456598,0.3516566744,0.7380531906,6.97856972,-6719.81,4.96197,28.1574,1.93832,-2.0784555
163,0.006366859555,0.1479047277,0.1525403449,0.2427985424,0.2513302924,0.817558541,-125.332,-0.00185713,5.36331,0.0784171,-0.1581369
164,0.005961309017,4.53892098,0.2400460483,0.6706172784,0.1462213587,1.40486505,-235.224,-0.000122727,5.85097,0.00224448,-0.0232425
165,0.00990311065,0.1470406535,0.201285711,0.6803779814,0.1473597441,0.711316153,-71.6467,-1.69386e-05,3.5339,0.0026248,-0.024375
166,0.007272138195,0.1405879384,0.1195846987,0.2061319235,0.1278457455,0.572214452,-78.0816,-9.52542e-05,4.78621,0.0211864,-0.0707304
167,0.00557982676,1.09037287,0.1693549783,0.1688836015,0.1352248857,1.05185365,-186.361,-0.000359381,6.21899,0.0663508,-0.1916225
168,0.00128593451,0.3605125868,0.4067360047,1.70677311,0.1745782477,10.8808236,-8022.18,-0.809713,26.0235,-0.011131,0.265865
169,0.006445976282,0.1152116288,0.4658202554,0.5575733531,0.5009179612,2.42609338,-362.482,-0.0242365,5.21337,0.150582,-0.355932
170,0.005151456847,7.122233387,0.1228741874,0.5806907465,0.103346521,0.832366737,-160.703,-0.000280567,6.75877,0.000889448,-0.0121312
171,0.002715282577,0.4615579755,0.1874345434,3.136482568,0.1568503243,2.41070945,-879.644,-0.0199032,12.8131,0.00122861,-0.0503575
172,0.001388414048,9.484878117,0.1081299565,1.345396303,0.5032856254,2.72382863,-2111.11,-0.00353839,25.1683,-0.20395,0.966583
173,0.001198110896,0.1013754272,0.1863262218,0.226286992,0.6457028399,3.93088915,-2932.81,0.769223,22.1097,2.53264,-2.1183155
174,0.00453832145,0.734820988,0.3358912315,0.1867511859,0.801040233,2.06330339,-424.413,0.0834633,6.44246,1.39168,-0.7470375
175,0.001570108646,0.5315686221,0.1444794988,7.857875438,0.1991107634,3.2112856,-2037.36,-0.00973351,22.1931,0.000261477,-0.024014
176,0.005314621423,1.405201333,0.1229917075,7.315520954,0.4544391583,0.809113693,-150.901,-0.00144168,6.56121,0.000421089,-0.01306
177,0.004714664005,0.8595634906,0.498386603,0.2884814788,0.2012610012,3.65862389,-782.265,0.0322775,7.41352,0.0901134,-0.342072
178,0.005988977044,0.2581264089,0.1485241549,2.590540155,0.1240069196,0.869503307,-145.155,0.000989237,5.85607,0.000266987,-0.01114895
179,0.001581960371,0.4450942517,0.1857615645,0.2647297218,0.6650206221,3.43834313,-2688.09,1.46858,22.5623,1.86321,-1.7814285
180,0.00193183155,1.477315224,0.1085103522,0.1340831784,0.1643982425,1.94001363,-1031.75,0.0247487,18.2001,0.148969,-0.2226385
181,0.003132619313,1.337387716,0.1555559558,0.6820592546,0.4276252043,1.68512372,-553.908,0.03604,11.1501,0.0679389,-0.2220355
182,0.005620576033,0.1590199138,0.265858192,1.791160606,0.1244085945,1.65784829,-294.892,0.00516711,6.23896,0.00113113,-0.0327035
183,0.003942683118,0.9745980583,0.391989566,1.732018591,0.2627920253,3.46292415,-882.17,0.0129124,8.8676,0.00575963,-0.079725
184,0.001329196625,7.542150611,0.1313201404,1.143382203,0.6344277756,3.80879093,-3588.56,0.00988751,29.7726,-0.710146,2.476949
185,0.003559987676,4.920824239,0.4110666801,1.010562883,0.5553741408,3.99955969,-1123.95,-0.0115132,9.57382,-0.11381,0.4409315
186,0.003461152069,0.5023430471,0.1713824243,1.570845865,0.1281980048,1.73292552,-495.58,-0.0140266,10.0706,0.00226277,-0.0561735
187,0.004531756356,7.71168809,0.1320591043,6.569249238,0.123391738,1.01379137,-217.135,-0.00193099,7.5653,9.93095e-07,-0.002812
188,0.002767257607,7.158615402,0.2054304307,1.210262761,0.3064381862,2.50495859,-858.601,-0.0110745,11.8155,-0.0244306,0.1826455
189,0.00113415269,2.88477448,0.1462590597,0.159448959,0.1337374508,4.34880619,-3751.51,-0.0268197,28.7278,-0.380788,1.9512945
190,0.007064385904,0.1650949068,0.4234664297,0.1417883543,0.7304284198,1.76789455,-224.206,-0.0744348,4.2087,1.12481,-0.509559
191,0.002602767345,6.74626468,0.1629281165,0.2428541715,0.2607183915,2.17445183,-839.011,-0.00319209,13.084,-0.215644,0.564087
192,0.002233312343,1.189136503,0.2117573646,0.1111985183,0.3713942224,3.18510414,-1627.55,0.245141,16.3503,1.19898,-0.64087
193,0.002805175015,0.1375558002,0.295739184,0.3450654741,0.120989105,3.66757973,-1297.69,-0.0102202,12.4261,0.0710808,-0.549411
194,0.009047649673,0.4972455544,0.1197624857,0.1197686415,0.1918106213,0.453612974,-49.1063,-0.000251085,3.79078,0.0757032,-0.09976875
195,0.003646360015,0.765905293,0.1063453305,1.39493635,0.6370582637,0.972998177,-257.831,0.0065623,9.20002,0.0307575,-0.1358048
196,0.002641712868,0.1458990823,0.380209481,3.367568853,0.4476054082,4.97228705,-1854.71,-0.0127521,13.0749,0.0204793,-0.3116235
197,0.00115388602,0.4192223586,0.1428467928,1.605619093,0.4497404079,4.28241167,-3899.32,0.297378,30.8521,0.0201614,-0.144161
198,0.008795267265,0.1127682517,0.2034491194,1.672537198,0.6077075946,0.796845667,-89.0762,-0.000758715,3.91661,0.00791518,-0.0437594
199,0.001015863995,0.1393645528,0.1858622861,8.055350428,0.5688065011,6.31939095,-6329.72,0.650095,34.486,0.00874595,-0.2464935
200,0.001180911291,0.6674564403,0.3345259066,0.2890003569,0.2617380513,9.79728866,-8869.73,-0.0341039,30.5031,-2.50037,2.2486485
201,0.008657283417,0.2506834518,0.4599656415,2.948644422,0.7173326376,1.83639639,-209.27,0.00288497,3.9943,0.00886331,-0.0731965
202,0.001227236113,0.6575707558,0.1678094514,0.1012023259,0.1263098855,4.71581071,-3759.7,-0.0527075,27.7242,0.336365,1.4453975
203,0.001676502905,0.2789133692,0.1824927317,4.111150716,0.1540857452,3.79760462,-2263.84,0.00548091,20.8196,0.00129413,-0.07275
204,0.00299380874,1.246007931,0.1263613275,0.2883909863,0.9440580686,1.13117797,-366.081,0.0572125,9.55686,0.616482,-0.3875565
205,0.001485083446,3.383733714,0.2561639087,0.1801906303,0.1778587609,5.81735738,-3877.96,-0.023399,21.9651,-0.555491,2.3797855
206,0.005918638843,2.617665868,0.2082196965,1.961686168,0.1316963778,1.22853905,-206.754,-0.000761031,5.89101,0.000433666,-0.014081
207,0.003872266161,1.817229361,0.4877459814,0.7247346985,0.5874535964,4.38397335,-1181.86,0.0523799,9.16294,-0.00296059,0.0412435
208,0.001307020674,4.173616887,0.151299916,0.8050043651,0.1480460248,3.81196499,-2762.66,-0.0290519,24.3798,-0.051411,0.5869535
209,0.002895000596,0.8420348562,0.2280157066,4.518627676,0.43026787,2.7387527,-951.561,0.0168582,12.0737,0.00273858,-0.057685
210,0.002309578411,0.2982837736,0.1046215942,0.2461496078,0.5731168903,1.29274143,-487.371,-0.0390632,12.3119,0.584285,-0.526355
211,0.00195279264,6.018576198,0.4906715406,1.301519347,0.1556775154,8.02979399,-3893.32,-0.039607,15.8726,-0.0382772,0.6811515
212,0.001943384648,1.302825982,0.4140546088,0.1372073219,0.1063854071,7.21830313,-3483.32,-0.17127,16.8314,0.0190295,0.440686
213,0.003179530925,3.694210003,0.1068136273,0.1810000518,0.3786722704,1.13683288,-400.859,0.0235863,11.4687,0.201961,-0.198616
214,0.002068514911,8.96308803,0.134526612,2.688147835,0.2520085798,2.14860034,-970.037,-0.00866558,15.4179,-0.00493919,0.0800675
215,0.005594489786,0.6613564033,0.4539464673,0.2646749997,0.3287586175,2.74190782,-485.226,0.0330958,6.13655,0.268606,-0.5654605
216,0.009302702175,5.355139794,0.3566405885,0.155247639,0.7360108706,1.204879,-140.467,0.0191156,3.70336,0.662894,-0.316352
217,0.005415735517,0.5646624587,0.4381781491,0.3995759105,0.4493480738,2.69631779,-487.787,0.0462754,6.25055,0.267413,-0.5485555
218,0.007755391165,0.1069085605,0.1387199561,0.6846987352,0.8949702757,0.579446739,-70.3356,-0.00482166,4.17664,0.0481152,-0.0746116
219,0.003158537005,0.3969719231,0.1567800459,0.4866179532,0.7424199591,1.48817281,-424.373,-0.00181291,9.51246,0.300723,-0.4047475
220,0.005778539021,0.9727147766,0.1233925586,0.732230008,0.1245246507,0.747792288,-129.175,0.000392418,6.06349,0.00288893,-0.03414995
221,0.004110302343,3.441140202,0.1040715257,0.1750658439,0.5254831203,0.787993529,-205.728,0.0194106,8.24973,0.434026,-0.30351615
222,0.008833592432,3.759996788,0.1358989189,0.9486690414,0.5120984338,0.528476543,-58.7725,0.000173339,3.89348,0.0111813,-0.04139115
223,0.001347543421,1.771819889,0.1156295568,3.236057268,0.2133147082,2.92811381,-2038.1,-0.0536434,24.5138,-0.00259594,0.065126
224,0.001815515677,7.843482733,0.1100278592,2.551395906,0.3763378928,2.02303961,-1057.43,-0.00866011,17.8371,-0.0127773,0.1335675
225,0.004422263192,0.8823269129,0.4248852011,0.1266986455,0.1150605086,3.3368097,-757.635,0.0148006,7.9021,0.0984034,-0.349055
226,0.004169212518,0.1161078169,0.2402630625,1.92305747,0.7889211783,1.92367269,-441.451,-0.0241171,7.99881,0.0403362,-0.199037
227,0.009760777545,1.801944856,0.2483437375,0.3561332593,0.1047252791,0.891347389,-90.9392,-0.000466735,3.58606,0.00569512,-0.0400386
228,0.002073552457,0.1372353934,0.1083879488,0.1781984514,0.6036979837,1.41046655,-574.077,-0.158691,12.9562,0.990729,-0.636566
229,0.006082432814,3.56844349,0.3866792041,4.716566743,0.7207705466,2.21255898,-362.941,1.93785e-05,5.72283,0.00108863,-0.0150005
230,0.00111266613,6.300622687,0.201135805,2.589614594,0.128658002,5.71359133,-4864.69,-0.0259938,27.6056,-0.0103272,0.37433
231,0.004139265681,0.1414528515,0.2610909017,0.4090852593,0.3831969348,2.09875843,-484.957,-0.0214356,8.05286,0.20858,-0.480779
232,0.00252925092,0.1478362347,0.1074062269,0.1564592731,0.1278876468,1.45230548,-564.156,0.00870261,13.6019,0.178874,-0.551922
233,0.003698351322,2.243213614,0.1386086893,0.6188635267,0.2886633639,1.29405772,-355.221,0.00763965,9.46217,0.0235944,-0.1035505
234,0.001087029403,6.476581016,0.1067578649,0.1372079076,0.2620458652,3.86564579,-4400.4,0.0358961,34.8923,-3.30017,6.307437
235,0.00154427435,0.1819688089,0.157949061,1.638802166,0.1992581647,3.54722688,-2278.98,0.00227007,22.4658,0.0174989,-0.2959495
236,0.001836781483,1.391429132,0.1427079581,0.2905453987,0.1029707032,2.69637964,-1426.75,-0.0269752,18.6212,0.002333,0.0150025
237,0.001446633883,0.1500292521,0.1277069936,0.4031180406,0.2565387405,2.91899756,-1980.53,0.253831,23.3254,0.322632,-1.1830685
238,0.001588719268,0.1160413899,0.1985352109,0.1721076544,0.5326571784,3.36174426,-1888.72,0.180799,17.6591,2.34236,-1.976373
239,0.008413650628,8.517935622,0.1254284626,1.063251216,0.5796827108,0.512029797,-60.9626,0.000564547,4.11948,0.0082103,-0.02964055
240,0.006502309954,0.9594367051,0.3922736867,0.1353871534,0.8933474816,1.63527819,-220.58,0.00187077,4.2422,1.51189,-0.518676
241,0.004402335247,6.394357642,0.1472468869,1.657991679,0.9304315112,1.15908504,-277.407,0.00525797,8.09703,0.0030705,-0.0099905
242,0.002081592199,0.1477694109,0.3898888977,0.2165762278,0.6279547363,5.28355213,-2533.59,1.82258,15.0942,2.53229,-2.804229
243,0.005372066429,0.3194528484,0.2671715279,1.450623345,0.9215255806,1.63242372,-286.884,-0.00900218,6.10391,0.0589485,-0.1882825
244,0.002217453416,0.1531488231,0.2456714056,0.7281721856,0.9255185104,3.18700904,-1279.04,0.0361358,13.0505,0.496963,-0.8113425
245,0.001666743003,8.698877266,0.1380234404,0.4437553624,0.1022620102,2.7027268,-1528.26,-0.0100779,18.933,-0.0446609,0.4241395
246,0.001909527895,5.898533693,0.1960418082,0.4059252104,0.3089855582,3.56677588,-1923.79,-0.00508689,17.7894,-0.410833,1.398747
247,0.006837776188,1.556281908,0.2491205764,0.1152690761,0.9221898756,0.959628752,-119.64,-0.0041245,3.86453,1.11724,-0.29989645
248,0.00532769815,3.171836147,0.4515942698,1.146558526,0.2617952843,2.94769039,-540.789,-0.0104191,6.45497,0.000378852,-0.00627
249,0.002690841885,0.7769268596,0.1245405163,0.1150250677,0.365749728,1.39765393,-519.427,0.084156,12.0316,1.13666,-0.9081075
250,0.004550370083,0.1408534165,0.1769871418,6.629592129,0.501551712,1.35594347,-296.293,0.00333698,7.66389,0.00130343,-0.0344445
251,0.002080743455,1.796934248,0.2839059002,1.316998432,0.4327347076,4.72242356,-2239.45,-0.0400667,16.3641,-0.0617312,0.396805
252,0.001324492929,3.311174507,0.4177573945,0.3350549894,0.1648784594,10.2988959,-7627.88,-0.0571609,23.961,-0.545334,3.426625
254,0.002526670284,0.5291175022,0.2234200918,0.1348312069,0.2175935215,2.9757268,-1209.17,0.140825,13.8302,0.516019,-1.0042245
255,0.006045485653,0.1322268108,0.4553925191,3.273267888,0.1401727481,2.64164486,-437.253,0.0145856,5.80506,0.000640878,-0.030013
256,0.003598535078,0.7631501436,0.1104218528,0.8309074679,0.7175199962,0.979480023,-256.33,0.00905937,8.94317,0.0853212,-0.2007448
257,0.002260547049,1.051440816,0.2409041553,0.1208732269,0.4254317578,3.54621033,-1833.38,0.368633,16.3041,1.46441,-0.8034835
259,0.003241184944,3.00780493,0.1209652138,0.1623799525,0.3379613359,1.25876299,-426.124,0.0273151,11.1114,0.258253,-0.266936
260,0.003097023374,0.2274329702,0.268261221,0.2335332294,0.8163653069,2.34268315,-643.553,-0.136552,8.71996,1.2311,-0.7719675
261,0.00241571219,4.037949947,0.1715650976,4.017137848,0.6643032493,2.43854984,-972.073,-0.0152358,13.8916,-0.00815059,0.079637
262,0.0075352408,4.014649836,0.2633722149,0.1336732981,0.9815022724,0.955678103,-126.794,0.0180563,3.93959,1.08696,-0.31518305
263,0.0023318503,0.2386090236,0.1356240776,5.636632832,0.1623089743,2.03830635,-867.668,-0.02529,14.9846,0.000525978,-0.036525
264,0.004369508847,0.1792210133,0.2822061068,0.7291378563,0.3376526436,2.21034691,-495.32,0.0103384,7.8457,0.0682261,-0.3058955
265,0.006658987633,0.1246552968,0.1073235803,0.2839777288,0.3645707559,0.541040254,-78.3244,-0.00160127,5.04227,0.0671878,-0.1063774
266,0.005485492204,1.007171245,0.137666103,0.7534123073,0.4878338205,0.847407695,-149.857,0.00196161,6.17167,0.0389129,-0.1211925
267,0.008294017423,2.346557884,0.4203016471,1.278304614,0.2171359856,1.76735838,-212.001,-0.00111348,4.19908,0.00296582,-0.036152
268,0.005838865731,2.097512131,0.11735043,0.3858588231,0.4459619624,0.668362656,-110.862,0.00230888,5.74032,0.0796683,-0.13974595
269,0.00185300028,0.9638165889,0.3351683139,0.1229387452,0.1595116841,6.21137968,-3230.29,-0.101883,18.1121,0.237999,0.1669905
270,0.005471171933,0.822070821,0.2713978109,1.433721555,0.7540631615,1.663789,-295.947,0.0130018,6.17162,0.0460276,-0.176315
271,0.00189770843,0.1757159227,0.2844544728,0.1416720062,0.5415879047,4.13493836,-2190.59,1.31683,16.4687,3.1119,-2.8024865
272,0.003187302522,6.872938224,0.2375246641,3.339185658,0.1302734215,2.50547567,-726.886,-0.0138377,10.1505,-0.000461312,0.0139225
273,0.007173422737,2.064779926,0.3053882064,0.3572670915,0.2179065376,1.47470272,-204.174,0.000678388,4.83694,0.036038,-0.1277305
274,0.001693943595,1.531841546,0.1086449518,4.088068752,0.1242465961,2.22540321,-1263.98,-0.027592,20.098,-5.6866e-05,-0.00289849999999
275,0.001862442331,0.3745146046,0.4305486709,4.681405691,0.2244066104,8.04786105,-4228.26,-0.228439,18.4963,0.000398819,-0.0276605
276,0.001554725483,0.8516916292,0.4984576345,0.5120059839,0.1221113803,10.7853538,-6471.11,-0.436496,20.8402,-0.0370444,0.730505
277,0.001621127829,2.49869189,0.1680638542,0.8955537978,0.6934891381,3.93617482,-3050.3,0.10839,24.773,-0.521558,1.4727745
278,0.001387854998,4.027199025,0.1519634107,0.1764597841,0.3994092895,4.51927544,-4303.15,0.117312,28.9614,-2.87945,5.503321
279,0.004825276646,0.128612561,0.1177331139,0.2803570206,0.1894414478,0.839949177,-171.108,-0.00108668,7.13767,0.0500366,-0.15364835
280,0.007956960992,4.189377084,0.334394126,1.25602088,0.8148234324,1.43635675,-185.097,0.00800302,4.39568,0.0243632,-0.0751235
281,0.008688591788,0.1861584364,0.1186675655,1.154864107,0.2945905812,0.475982868,-54.4254,-4.58222e-05,4.01104,0.00267163,-0.02098765
282,0.002235401186,0.38097425,0.1862202781,1.107660761,0.5570723806,2.75280466,-1238.36,0.200976,15.2116,0.124331,-0.5063675
283,0.00720504949,8.555340477,0.2514667858,2.765725853,0.3044909806,1.21617193,-166.104,-0.00110503,4.79945,0.000172506,-0.0043525
284,0.001598304742,5.066864411,0.1930314929,0.2561995632,0.5486087401,5.5108001,-5104.57,0.151763,27.6822,-4.33302,7.462111
285,0.009071988759,7.780290744,0.186380684,1.662679593,0.1877165003,0.717058509,-78.9242,-2.28599e-05,3.84654,0.000423283,-0.00792175
286,0.002950820884,2.45014341,0.1314968069,3.701766651,0.6897725008,1.54567665,-530.753,0.00601775,11.8645,0.00243362,-0.025311
287,0.003537456352,1.509499115,0.1857794472,1.487852893,0.1154616054,1.83324894,-518.858,0.00122582,9.87883,0.00101648,-0.0294025
288,0.007697578441,7.481442857,0.1891803953,0.5314748008,0.2604425521,0.854201959,-111.782,0.000699419,4.54353,0.00793313,-0.03323535
289,0.00132636512,3.08437223,0.1286399818,2.543685409,0.1125241346,3.2217009,-2249.87,-0.0394417,24.107,-0.0022637,0.0831555
290,0.004538192985,0.134430522,0.34074909,7.910051376,0.2131796294,2.63324988,-580.834,0.019929,7.73568,0.000337881,-0.0250395
291,0.001435873405,3.86213545,0.2727295288,3.917717371,0.1442753646,6.12612466,-3988.41,-0.0536803,21.7109,-0.00392412,0.1798885
292,0.009986593757,0.1676051388,0.3167160241,9.933631696,0.7834272054,1.10731658,-110.356,0.000149714,3.49626,0.000532388,-0.0134475
293,0.003212647954,0.1124063063,0.1953964667,0.8414012948,0.3098383684,2.08129988,-633.813,0.00776841,10.6624,0.0556563,-0.3100865
294,0.002469452797,3.078631257,0.3991883162,0.3126680539,0.2806175395,5.54111555,-2202.16,-0.0290622,13.4538,-0.242942,1.1189715
296,0.006597404526,1.647175384,0.1438829355,0.4225499659,0.1469500135,0.761316592,-114.446,-0.000641098,5.28441,0.00984477,-0.0576333
297,0.001753473994,1.483922021,0.2781731243,0.121392383,0.1321927424,5.40601487,-2933.6,-0.0864351,18.8227,0.0453076,0.5328905
298,0.008691077977,3.812592649,0.2499626245,0.3606991369,0.2322908448,0.99676929,-113.947,0.000260114,3.99307,0.0233696,-0.07564635
299,0.001691700875,9.760080181,0.1965719972,9.363373965,0.3907216051,3.71397725,-2062.7,-0.0128774,18.3539,-0.00286816,0.0373445
300,0.008134606885,0.1977739028,0.3907926484,9.684154051,0.349001845,1.68366892,-206.871,0.00311751,4.30991,0.000215241,-0.0119185
301,0.009675194352,0.4461316766,0.1109627952,0.7134949795,0.8092516783,0.380004229,-37.4535,-0.000947425,3.42339,0.0235356,-0.04220355
302,0.00641283067,7.014196816,0.2921177599,6.445196361,0.1268570716,1.58480925,-239.803,-0.00334942,5.34567,1.01193e-06,-0.00402150000001
303,0.001874160068,1.27285446,0.1731228771,3.129316346,0.7304563488,3.21610676,-1758.76,0.0241337,18.7654,-0.00596272,0.045922
304,0.009695591157,0.150875063,0.1475774563,0.225310177,0.5348531062,0.49731585,-48.5938,-0.00177358,3.37155,0.113823,-0.09778515
306,0.008951371422,5.745479364,0.1921508584,0.3851684398,0.3780733759,0.735361421,-82.038,0.00114089,3.86244,0.0366565,-0.0760316
307,0.001265413029,8.397348374,0.2610962576,8.604097005,0.1251821916,6.44564875,-4820.09,-0.0211043,24.0153,-0.00095308,0.101131
308,0.007864880937,0.1340807199,0.3390214824,0.2079772884,0.3390997497,1.44973527,-178.275,-0.00915597,4.29081,0.217171,-0.3027225
310,0.003033330508,2.861428495,0.1425548229,1.528357292,0.1190441018,1.63714094,-528.595,-0.00584513,11.3687,0.000187209,-0.0090265
311,0.00167440868,1.56245539,0.1258559858,1.522060788,0.7785883817,2.6553298,-1809.4,0.102898,22.3705,-0.0346871,0.137268
312,0.001868918702,0.2156850364,0.2990266418,1.397545503,0.4189812934,5.448662,-2967.32,0.521017,18.6232,0.0914015,-0.6468945
313,0.004736952611,5.734923853,0.1684277528,0.164992386,0.5715053897,1.19010679,-301.904,0.0258957,7.95292,0.34564,-0.2026335
314,0.001036481199,1.293592317,0.1016143721,1.513775098,0.1344901183,3.33856764,-3019.51,-0.085002,31.78,-0.00727641,0.153408
315,0.006020483276,1.272833209,0.3059747045,1.661551129,0.4948368908,1.75386765,-288.212,0.0019571,5.74051,0.014249,-0.096058
316,0.002259124607,0.1980845355,0.1623719951,0.5464313003,0.142233928,2.49461242,-1091.27,-0.012546,15.3624,0.0445329,-0.3743585
317,0.005013816963,0.6044014535,0.34548356,1.638228816,0.4600979702,2.37578137,-466.794,0.00125822,6.88002,0.022513,-0.1620185
318,0.009500531194,0.445236967,0.3746367612,0.5685312716,0.5194834674,1.3372545,-136.551,-0.000931664,3.57071,0.0688038,-0.153976
319,0.002979249543,2.786123002,0.2078668614,2.488811192,0.5593634338,2.42149905,-801.013,-0.00783994,11.5508,-0.00345676,0.025887
320,0.005787196951,2.09398171,0.2663809241,2.055279929,0.1775102812,1.6064058,-276.929,-0.000454036,6.02731,0.000906873,-0.022201
321,0.001147178373,1.105504443,0.1902738577,3.13481688,0.1348681169,5.5844191,-4517.35,-0.186674,28.2721,-0.003357,0.135309
322,0.001479987307,0.3136499691,0.1259505451,0.2270950465,0.5254236124,2.39116936,-1647.22,0.59721,20.873,1.44411,-1.4402915
323,0.009276076085,6.644460612,0.2032616215,0.2644432221,0.3086558081,0.752623484,-81.4641,0.00114599,3.74255,0.0460811,-0.08205785
324,0.00954073019,5.402977272,0.4841143419,0.6486908339,0.177002054,1.7704873,-185.524,0.0001421,3.65928,0.00306774,-0.0253915
325,0.005738919777,0.2772683575,0.1361680067,1.922716322,0.103122493,0.831938122,-144.954,0.00105,6.11178,0.000334543,-0.01247565
326,0.006334258301,0.4297871089,0.3725706256,0.2740333753,0.4379590058,1.93643474,-292.043,0.00516224,5.23831,0.332067,-0.4747945
327,0.001519526155,4.764365145,0.3688923444,0.5789270363,0.1874100922,7.89858839,-5045.14,-0.0388792,20.7803,-0.238543,1.982402
328,0.002022659764,0.8282605516,0.1658669362,0.1684081657,0.2653965407,2.77321883,-1466.52,0.162594,17.6138,0.453058,-0.6778785
329,0.008784009281,1.551748416,0.1097039459,0.307908709,0.1415164971,0.435894137,-49.4454,0.000286539,3.97765,0.00797234,-0.0350382
330,0.002540582365,4.147846884,0.3043801678,0.4938242191,0.1611910304,4.02616378,-1488.09,-0.0324475,12.7644,-0.0478365,0.3717765
331,0.001505809666,4.808110817,0.1488442239,0.2376523487,0.1879677094,3.37134408,-2225.84,-0.0109638,21.9514,-0.360949,1.458664
332,0.002692919735,0.2751270394,0.1084256637,1.335294576,0.2509161787,1.39562896,-512.682,0.00445315,12.884,0.0130849,-0.1400415
333,0.001582838015,1.518949059,0.2558303789,2.791350031,0.2068410017,5.45618653,-3214.01,-0.127713,20.5752,-0.00682363,0.1689345
334,0.004456837839,0.4746232434,0.126433131,6.241980397,0.5147926841,0.988834122,-220.768,0.00243593,7.82981,0.00115652,-0.02787665
335,0.002114542486,0.3810636022,0.3002848693,8.674164776,0.2335650495,4.95663791,-2345.27,0.00870296,16.519,0.000471304,-0.0389455
336,0.008284787764,5.995420891,0.1849857789,8.130261943,0.739878638,0.777515742,-93.6517,0.000102121,4.20452,0.000351301,-0.00677195
337,0.001222626673,0.2348361964,0.1383234608,7.282522232,0.3968584614,3.928276,-3234.78,0.106873,28.5795,0.00323285,-0.11785
338,0.006794305845,0.1271007249,0.2111914693,0.4759038391,0.1225136435,1.08665097,-159.389,0.000264795,5.14596,0.00793885,-0.063249
339,0.001816171888,0.1188796361,0.2612248241,0.9673155862,0.4965645496,4.68818346,-2517.03,0.644098,18.3217,0.279083,-1.173127
340,0.002598695291,6.30187567,0.1232544954,1.196079034,0.3787673808,1.63234081,-608.163,-0.00577869,12.9621,-0.0174937,0.1014505
341,0.001304915838,0.4731116919,0.3973843067,1.667707938,0.3293006015,10.4940358,-7787.97,-0.450786,25.8125,-0.0570594,0.719265
342,0.007560989689,0.5910988548,0.3858304549,6.22261835,0.3156135404,1.78920363,-236.22,-0.000172279,4.63699,0.000473261,-0.018593
343,0.004472959849,7.643676361,0.3402078409,4.009519118,0.7929909253,2.59883181,-553.983,-0.00983477,7.4351,-0.00734794,0.059624
344,0.003746516255,0.2714680012,0.1538522573,1.601476962,0.8967182243,1.33176743,-332.358,-0.014014,8.64241,0.0493132,-0.179909
345,0.002050703361,4.415011182,0.1813433013,0.1844293148,0.7221694182,4.45460128,-4217.86,0.378767,27.1045,-4.61447,5.713641
346,0.005367165534,8.338769246,0.4446500953,3.822138415,0.1647805526,2.80834205,-485.283,-0.0122879,6.0868,-0.000310157,0.00687050000001
348,0.005203355749,3.442633767,0.3838814527,3.085436424,0.1915579558,2.5671906,-480.045,-0.010055,6.59836,3.67548e-05,-0.00551050000002
349,0.001071095796,0.6033195129,0.1653411009,0.4057393576,0.1054214777,5.31724801,-4732.66,-0.20989,31.3353,-0.0126697,0.279846
350,0.005121250358,0.8569179124,0.4637144316,0.5673857206,0.4081286294,3.08696454,-606.536,0.0501843,6.76584,0.117647,-0.363596
351,0.00391483665,0.307141093,0.1320026415,0.4255697381,0.4337014577,1.10573404,-266.462,-0.00853873,8.36696,0.134725,-0.2705925
352,0.002161655952,1.419412101,0.4332573117,0.1911552072,0.1730933789,6.83859274,-3011.9,-0.115587,15.2912,-0.0012468,0.574901
353,0.009213603497,0.1153666927,0.222555483,0.1962140498,0.9598190045,0.712505127,-69.4406,-0.0100117,3.20693,0.358819,-0.15163595
354,0.008841819572,0.4519236275,0.2036050252,1.100000504,0.4878463985,0.793498386,-88.2595,7.53434e-05,3.89783,0.0120043,-0.054427
355,0.003388845316,7.065638288,0.275891026,2.390347831,0.6922406481,2.78671652,-801.894,-0.00961626,9.88237,-0.0278902,0.1704125
356,0.00220879869,2.753393897,0.3352646132,6.346330521,0.7620398946,5.14162347,-2227.64,-0.0571015,14.9189,-0.0146903,0.199047
357,0.002566085088,0.277322373,0.4381356069,0.2108502106,0.2912977514,5.73688397,-2294.6,0.506843,13.6186,0.615919,-1.5049815
358,0.007902106729,0.643507681,0.4640332523,1.851057926,0.507549656,2.03554514,-254.619,0.00132138,4.3888,0.0136245,-0.0999805
359,0.002112754728,0.7415203519,0.1555860635,1.228305644,0.6782346747,2.45364311,-1243.94,0.192993,16.6966,0.0909484,-0.3323685
360,0.004468919544,0.4587720589,0.24180372,0.1736802169,0.3005625325,1.78432951,-386.524,0.0210399,7.50751,0.439264,-0.6496105
361,0.002602047937,2.129250222,0.1406685279,1.316592642,0.1740585807,1.88241721,-711.524,-0.00704654,13.2773,0.000751599,-0.014703
362,0.004932556853,8.694553534,0.2501479864,0.3573705502,0.6149261276,1.80435623,-406.002,0.00835569,7.4611,-0.148237,0.206854
363,0.003413059065,0.3549712288,0.1073990947,8.506470727,0.6249943833,1.0937263,-318.021,0.00392329,10.1957,0.00130335,-0.035131
364,0.002318548421,0.61511363,0.1892182583,6.175089222,0.7823830346,2.81018041,-1231.47,0.0694535,15.0716,0.00654096,-0.100499
365,0.004095261228,0.479025385,0.123450805,2.436086065,0.5974723635,1.03142247,-246.579,0.00318614,8.36844,0.0101266,-0.0830525
366,0.001698406541,0.4119338491,0.1189044995,0.3695660732,0.1203451135,2.42389049,-1432.47,0.0341379,20.5283,0.0516991,-0.366471
367,0.006195405671,3.87820628,0.24465128,2.621491351,0.2890701147,1.37733597,-222.716,0.000585993,5.63947,0.000786879,-0.014937
368,0.001436342057,0.4009665524,0.1232192301,4.105511994,0.2138922286,2.98959881,-2088.07,0.0207041,24.3315,0.00170829,-0.0675015
369,0.008104696035,7.966469481,0.1699523541,0.7674858628,0.1409242479,0.731726031,-90.3736,9.81049e-05,4.31045,0.00109253,-0.01280675
370,0.003396895016,0.1972526046,0.1701457561,2.143067123,0.5206004593,1.71191502,-492.638,0.00851464,10.073,0.0195216,-0.161778
371,0.006309062425,0.1029775093,0.4506735118,0.1916861808,0.5395706595,2.25897085,-333.407,-0.0896829,5.05518,0.714839,-0.613506
372,0.002527646249,0.1414805265,0.3892451976,0.2159491269,0.3472542804,4.98298375,-1952.73,0.551416,13.4111,0.941007,-2.086861
373,0.008729891748,0.1321352913,0.1250979269,0.2032235358,0.6266218204,0.4535099,-48.317,-0.00269323,3.62736,0.152568,-0.100915
374,0.002191219504,0.6897862211,0.3476080723,9.837601746,0.2097108909,5.51813497,-2446.1,-0.114592,15.6498,1.17448e-05,-0.00984850000001
375,0.001107022404,0.9107120346,0.1441749257,2.996533136,0.1125038911,4.44607809,-3751.78,-0.163111,29.8144,-0.00144207,0.059741
376,0.009035189734,1.957608583,0.1735679521,0.2873685036,0.1691414911,0.669100047,-73.5374,0.000146855,3.85749,0.0182938,-0.06384925
377,0.002553463479,1.449756236,0.2564175614,0.3342886875,0.2205908003,3.48657444,-1358.28,-0.00421788,13.5485,0.0180029,0.00342950000001
378,0.001140398315,1.595980507,0.1101912787,3.085829522,0.1725175693,3.27572412,-2679.03,-0.0719649,28.6985,-0.00296462,0.089136
379,0.002327022582,1.017550568,0.4642660871,1.964097017,0.1007501941,6.8548643,-2769.93,-0.202309,14.3232,-0.00129766,0.0352065
380,0.002359944953,2.876385657,0.1521534347,1.607914863,0.1474387333,2.22235607,-892.668,-0.0204506,14.2225,-0.00120592,0.0199825
381,0.004135169788,0.6356014182,0.1240147303,0.4381002234,0.1047555725,1.04839833,-252.172,-0.000839547,8.45063,0.010401,-0.089596
382,0.009112463642,0.2700319808,0.4472511616,4.661818813,0.3645233754,1.71814747,-188.302,0.00369862,3.84381,0.000912308,-0.0233395
383,0.00946445876,0.6010497357,0.2230150767,2.025664374,0.4658682383,0.819687164,-85.9648,0.000725003,3.67751,0.00343081,-0.0299025
384,0.007211742032,1.771733961,0.3445074395,1.24136472,0.1691275438,1.66803357,-229.184,-0.00347249,4.82422,0.00234774,-0.035613
385,0.001525162371,0.297473139,0.1135219138,2.754738355,0.7439991604,2.45357488,-1620.88,0.250662,22.271,0.0474105,-0.351362
386,0.002140558585,0.6732196728,0.1459478625,6.840347419,0.221132625,2.37899104,-1112.62,0.00400988,16.3196,0.000403157,-0.026036
387,0.001074393301,4.30479933,0.1628738445,1.310833047,0.8051331644,6.94438144,-10186.8,0.127164,44.9327,-2.21646,7.650197
388,0.003405133574,0.2585660475,0.1543142799,0.1108086336,0.7633775387,1.15004273,-278.258,-0.075685,7.44009,1.4752,-0.4743955
389,0.004154631771,0.1145729764,0.2713766538,0.1650408037,0.1184881262,2.2647612,-541.591,0.0150463,8.38396,0.109669,-0.4525885
390,0.001880810032,0.2661477076,0.4089705982,6.436490088,0.89381124,7.49049783,-4106.96,0.63016,18.7261,0.015772,-0.22767
391,0.001062538467,5.130889104,0.1782321027,7.905715086,0.378717663,5.35805487,-4794.97,-0.0327057,29.3092,-0.00915891,0.2049665
392,0.008883937129,0.2565049708,0.1038715698,9.238703863,0.810347985,0.407694874,-45.6181,0.000144384,3.92467,0.000270683,-0.00599755
393,0.007165156656,6.755152164,0.343166519,0.2460939836,0.1039416522,1.66805742,-228.177,-0.00240134,4.81384,0.0027979,-0.0154455
394,0.001175856219,0.1720885884,0.1338948326,2.186531626,0.1693252813,3.95929073,-3366.69,0.0528295,29.6421,0.00856412,-0.2275025
395,0.008339345071,1.334787029,0.2502087329,0.8781433598,0.1568229858,1.05089328,-125.428,-0.000852794,4.19561,0.00299383,-0.0338195
396,0.009238643268,0.6675367638,0.1115578099,2.573980764,0.1117785549,0.423507719,-45.8368,0.000106161,3.79694,6.96636e-05,-0.00320095
397,0.007762102681,0.5261159704,0.1584878337,7.17742692,0.491535236,0.714068521,-91.776,0.000712809,4.50775,0.00034052,-0.00986475
399,0.003149714607,0.6102162539,0.2907580006,0.3281915908,0.7667865787,2.7211329,-893.8,0.342391,10.2169,0.986613,-0.950302
400,0.007209021578,0.1319980964,0.1960938269,1.224588326,0.3999883138,0.941487044,-128.93,-0.000553467,4.80112,0.00970546,-0.0597078
401,0.009380509064,2.395353461,0.1185877543,0.1235106623,0.2090712238,0.432258004,-45.1216,0.000223161,3.65384,0.081483,-0.10109755
402,0.002189060315,0.1007944792,0.3166762972,3.94092107,0.1415607195,5.0668052,-2293.65,-0.187013,15.9408,0.00207102,-0.1171545
403,0.001050690785,0.2055785558,0.2562425779,1.009849043,0.3945544725,8.42699561,-8497.01,1.4261,33.9723,0.0847797,-0.3579245
404,0.005892853658,9.898733318,0.3747410551,1.699755132,0.2595090163,2.17239102,-345.291,-0.00714057,5.61006,-0.00218946,0.0239795
405,0.001117398524,0.6704200886,0.2497061959,0.1485169146,0.3349137492,7.9260681,-9869.44,0.897364,39.9752,-12.6174,2.1895335
406,0.008063705319,0.1371951195,0.1078045214,2.213523856,0.6912117528,0.460019226,-56.0321,-0.000383557,4.26705,0.0036537,-0.0235166
407,0.002408493024,0.1782677021,0.4203591982,0.134017829,0.1730062023,5.96747137,-2478.83,0.162194,14.4465,0.419934,-1.512968
408,0.004510683946,4.168000857,0.1020589546,0.3176255024,0.1434368342,0.786442262,-175.296,0.000969908,7.74701,0.0120382,-0.05564705
409,0.008964651127,1.806099892,0.4216292971,1.342851031,0.1706480913,1.64456229,-181.395,-0.00442789,3.88168,0.00180876,-0.02923
410,0.003580346883,7.115394951,0.3547944571,0.2271974449,0.1071776792,3.31880216,-863.657,-0.0165026,9.00747,-0.0362428,0.257756
412,0.001091132598,5.81165711,0.2204770686,0.4287584823,0.1105324717,6.46185656,-5719.61,-0.0262691,28.5052,-0.196686,1.9685885
413,0.00728795189,1.804027757,0.1952191699,0.2222358877,0.1900315818,0.926073369,-125.331,-0.000136751,4.74744,0.0547801,-0.13825085
414,0.008657985924,0.5150540487,0.1080179489,0.320738987,0.8547886778,0.388637405,-41.1608,-0.00246633,3.59344,0.0926872,-0.07140195
415,0.009752869651,6.437840159,0.3256224841,1.336990306,0.1591288398,1.16565939,-119.626,0.000139698,3.58289,0.000566025,-0.0109005
416,0.006873553668,0.2157592276,0.4288101181,2.332370984,0.4953194822,2.16421394,-311.849,0.00803154,5.05137,0.0103615,-0.0981035
417,0.001675623019,8.376484017,0.1420311519,2.697465613,0.2305737199,2.7620227,-1548.5,-0.0112308,18.8167,-0.00772063,0.1406685
418,0.001588442216,1.375132268,0.4229689502,1.515071361,0.2464244375,8.92027379,-5307.53,-0.208818,20.3844,-0.0559325,0.778429
419,0.003193337771,2.175003684,0.1608811991,0.2018708032,0.1720876542,1.74637165,-554.908,0.00858809,10.9772,0.0580622,-0.1475455
420,0.002612465677,0.1028368387,0.1216466435,2.861968562,0.3319767331,1.6158984,-612.737,0.0114275,13.2937,0.00611305,-0.1057505
421,0.009488409896,0.3998173431,0.1568020762,0.291124936,0.2150486446,0.572589824,-59.6428,-5.15181e-05,3.65232,0.0227864,-0.06281465
422,0.001108105045,0.2829750573,0.1655022883,1.304152596,0.1839861922,5.19625155,-4691.9,0.0304505,31.4539,0.0110139,-0.1651925
423,0.004238660674,0.4074044568,0.1759882554,6.744611188,0.5770305391,1.44532546,-338.515,0.00256745,8.21813,0.00186336,-0.0432915
424,0.00738704405,3.84190627,0.1872127254,1.664610059,0.2601827922,0.88349573,-118.769,-0.00047224,4.70958,0.00150943,-0.0194
425,0.001188967635,0.9155278305,0.3273196964,0.42841369,0.3759851464,9.83162704,-8824.4,0.207165,29.3178,-0.655871,3.755652
426,0.00669280135,7.894473516,0.1170507927,7.336366386,0.1767821223,0.610802766,-91.246,1.89266e-06,5.21868,1.92587e-05,-0.0019752
427,0.008422923714,1.232409507,0.1273023009,0.4090202595,0.1183708833,0.528870942,-62.7195,0.000439698,4.15882,0.00409144,-0.02850955
428,0.00795668377,0.2017153684,0.1410392002,0.1952906808,0.1046304274,0.618581597,-77.3532,-1.05388e-05,4.3869,0.0158868,-0.0620493
429,0.001838746577,2.624544907,0.1643124545,0.2013260976,0.1675463708,3.07422219,-1621.01,-0.0215296,18.2113,-0.0964299,0.5346525
430,0.005351634911,2.994437199,0.1342701545,6.187832687,0.1362032087,0.876737276,-162.798,-0.000877109,6.51038,3.98429e-05,-0.00418364999999
431,0.002720116787,0.3261219382,0.2832257986,0.1535623463,0.9057152741,2.51994192,-793.202,0.0391405,9.12756,2.52711,-0.9726345
432,0.00306293272,0.1668139068,0.1471180854,0.1954422585,0.3605321208,1.51744719,-456.469,-0.0562013,10.3307,0.514568,-0.623061
433,0.002924769631,0.1337090114,0.4717563462,0.4273906765,0.584291608,5.02512146,-1635.29,0.466759,11.0018,0.858934,-1.6077985
434,0.00552614485,5.201408463,0.3185874506,7.0508845,0.4109912736,2.0022875,-350.491,-0.00630673,6.18352,-2.62845e-05,-0.00156650000001
435,0.002851966216,2.757311982,0.1225358592,1.412113836,0.2198385799,1.49620167,-518.903,-0.00268273,12.1519,0.00107257,-0.015902
436,0.008694049865,0.686786412,0.2300011931,6.10082811,0.3302500011,0.927146303,-106.676,0.00132775,4.03499,0.000249909,-0.00919495
437,0.007919677067,0.1746850757,0.4754730115,2.229174002,0.3970224096,2.09216086,-262.62,0.00512628,4.4022,0.00632017,-0.0713305
438,0.001524521977,8.437596323,0.160036233,0.2056140708,0.3557702918,4.14214234,-3348.31,0.0248856,24.9408,-2.63857,5.079212
439,0.008766693305,0.5891711203,0.1110208034,4.15221558,0.6390647729,0.440501804,-49.8342,7.54975e-05,3.96784,0.000893401,-0.0115061
440,0.003788166869,4.109860491,0.1329435064,0.2722552072,0.3806829948,1.20280543,-339.526,0.0128226,9.4474,0.0808887,-0.11815
441,0.004741406322,0.7597239577,0.3900245538,0.1302760078,0.3687905671,2.67724939,-573.298,0.0996477,7.23764,0.847783,-0.9778605
442,0.00224206456,1.301494638,0.3089371656,7.415539307,0.1947906068,4.74486788,-1998.21,-0.102386,14.9307,-0.000237922,0.00745599999998
443,0.002239812493,8.507407192,0.2565147058,1.082643788,0.1732610411,3.73372082,-1569.63,-0.0144369,14.0791,-0.0254932,0.3117945
444,0.001502670521,0.3608409698,0.1318703824,0.1175592047,0.1809592879,2.93625105,-2029.81,0.267127,23.3418,0.671105,-1.373941
445,0.003138827821,9.047354311,0.1828651034,0.7140419676,0.2615999677,1.97612865,-598.59,-0.00660827,10.4808,-0.0312544,0.168902
446,0.009772557588,0.1760593313,0.126075733,0.1277876921,0.6431955559,0.396038221,-37.1128,-0.00231567,3.14543,0.254637,-0.1040719
447,0.008195877251,0.5721079935,0.4605842627,0.1744619984,0.1520966134,1.95383598,-237.097,0.00294774,4.2573,0.0802026,-0.253898
448,0.004371637653,0.6086933601,0.4389735348,0.121311511,0.1849219727,3.44436782,-789.718,0.0352878,7.96213,0.288272,-0.6952185
449,0.001003243966,7.58598402,0.12646839,1.119292661,0.145293233,4.03185128,-3861.39,-0.0142132,31.0443,-0.0515609,0.765788
450,0.001705425581,0.2023678235,0.3057792706,0.8847916209,0.4545110464,6.00028278,-3670.8,1.18992,20.5036,0.250469,-1.1004325
451,0.005556264032,2.427459048,0.1315734921,6.276951178,0.6709054485,0.822801435,-146.474,-0.000561455,6.24042,0.000992484,-0.0174831
452,0.001819364525,2.374763027,0.3997920401,1.479127938,0.1282057586,7.24391101,-3703.1,-0.110983,17.4585,-0.0138628,0.3288245
454,0.009918284825,0.729008182,0.170034574,0.1738650412,0.3651526911,0.573050544,-55.4171,-0.00109329,3.3703,0.125465,-0.1239196
455,0.00390549501,0.1129303226,0.1204500298,0.6507244124,0.1312040412,1.07642672,-274.297,0.00142395,8.93867,0.00842561,-0.0847065
456,0.009386560795,6.240412415,0.2045133516,0.7661608419,0.4396030337,0.751727822,-79.9719,0.000672549,3.6963,0.0123483,-0.04311815
457,0.003791864725,0.4347522599,0.4672163099,6.84994145,0.172277446,4.30451775,-1128.47,-0.0265157,9.18895,0.000356706,-0.031132
458,0.005571319741,2.673153188,0.1371411442,3.426009525,0.176737707,0.860208382,-152.968,-0.00134559,6.24632,0.000228608,-0.00904635
459,0.006826021097,2.486525821,0.1727478709,7.92338155,0.5560151328,0.883292152,-127.891,-0.00143767,5.09144,0.000398396,-0.01069775
460,0.001168044631,0.1818658396,0.4842368089,3.73486062,0.1706952505,14.3599336,-11791.8,-1.62987,29.0451,-0.00165784,0.0583
461,0.001833123023,2.983102508,0.2080438259,6.257184381,0.6247736681,3.8339733,-1984.38,-0.0423354,17.8881,-0.00898484,0.1356955
462,0.006007111284,0.6429502926,0.3904615089,0.5977867796,0.1971030835,2.26358631,-372.546,-0.00832248,5.78621,0.0250261,-0.1625035
463,0.00281580534,0.3730068157,0.3293247699,3.677058697,0.1742367455,4.08152,-1444.14,-0.0128787,12.3799,0.00149804,-0.066501
464,0.001448664486,7.663279293,0.326777872,0.9780310855,0.1205363109,7.12460618,-4692.46,-0.0247306,21.21,-0.0534037,0.9353205
465,0.002502240419,0.7157519849,0.3074851807,5.119559003,0.507250276,4.27551552,-1711.94,0.014808,13.9409,0.00254243,-0.0533715
466,0.007248946103,1.27752582,0.3252740523,1.142993543,0.3940757751,1.55388444,-211.37,-0.00136,4.77235,0.0159248,-0.093268
468,0.00365145346,5.470675081,0.2305477014,1.519509084,0.5748707428,2.18750711,-589.93,-0.00557444,9.36415,-0.0181556,0.0894665
469,0.003322053694,5.934497558,0.1156265572,4.918076448,0.7404130181,1.20675569,-354.648,-0.00265112,10.3086,-0.000583346,0.00525800000001
471,0.002859043901,8.701653762,0.4685399913,1.140897831,0.9510140137,6.34379693,-2759.42,0.0209685,13.7007,-1.03479,2.707891
472,0.002800107728,5.218497404,0.3101317955,0.6871957991,0.7113145793,4.12109431,-1728.82,0.0290579,13.5502,-0.606124,1.3691195
473,0.004554434784,0.1113857842,0.1893693303,0.3869028485,0.5434211548,1.33780166,-274.591,-0.0341498,7.0601,0.205709,-0.3038305
474,0.003195058554,2.231076655,0.2841920165,0.6071725425,0.7389359419,3.11669117,-1129.95,0.108774,11.7762,-0.0134945,0.056458
475,0.001429427425,2.612121197,0.2428839099,3.146546749,0.2317944337,5.60039185,-3669.89,-0.0749431,22.2676,-0.0117474,0.2860495
476,0.00576085662,0.2092028009,0.377204419,5.950850461,0.1808927995,2.29703808,-399.255,0.0113999,6.09595,0.000295605,-0.019426
477,0.001590189794,0.184103164,0.1613453227,2.365578867,0.1333297375,3.53982957,-2205.91,-0.0622804,21.87,0.00383932,-0.1400025
478,0.003890962272,0.7030831452,0.2988892252,9.435817496,0.9544698462,2.65285201,-679.639,0.016921,8.91209,0.0034123,-0.06533
479,0.001980010676,4.042636787,0.112764096,0.1993953269,0.2950463657,2.03003004,-1109.06,0.0134138,18.1499,-0.288255,0.644472
480,0.005169116661,0.546397201,0.1537171748,0.4806301325,0.2364269322,1.02693298,-196.073,0.0023098,6.6911,0.0331513,-0.1376525
481,0.008795573566,0.5405308436,0.2470977471,6.638131113,0.21084302,0.985418911,-112.143,0.00143195,3.99109,9.10821e-05,-0.00571185
482,0.001188309506,3.414808585,0.2356991279,5.253698215,0.7176124208,6.66556628,-5671.16,-0.0490933,27.9383,-0.0778146,0.8966375
483,0.00208738489,0.751376564,0.3121792547,3.667547902,0.5285181382,5.19665766,-2469.97,-0.02863,16.5818,-0.000582312,0.00302050000003
484,0.001391529023,0.3617696467,0.1916286205,1.722195048,0.1255848248,4.80236616,-3427.1,-0.0401308,24.9887,0.00256339,-0.0816155
485,0.009950644159,0.1268433839,0.115775171,4.805601325,0.4665366071,0.406754064,-40.7323,-6.42258e-06,3.5133,0.000299615,-0.00617115
486,0.00565712109,0.1002283879,0.2303302957,0.4890685663,0.4915697665,1.35494475,-229.224,-0.0153864,5.88273,0.112687,-0.2305915
487,0.001039036537,1.771997612,0.2737441808,3.32526931,0.3700041683,8.71868961,-8138.41,-0.135743,31.0156,-0.0657052,1.1151995
488,0.001287526036,0.5191435639,0.2710439986,1.143134147,0.1685338662,7.25581022,-5375.54,-0.337601,26.108,-0.0138796,0.237439
489,0.002117394216,0.497877399,0.1036229603,9.756905109,0.1719544762,1.7105888,-800.053,-0.0152425,16.4347,0.000141787,-0.016251
490,0.00164865047,0.3341522774,0.3359932085,2.872871864,0.6239078843,7.05047162,-4429.02,0.459872,21.4441,0.0194583,-0.182216
491,0.005613426999,0.1297777838,0.2678621366,0.4104531889,0.5331774173,1.56222624,-263.093,-0.0282071,5.83135,0.190162,-0.3056435
492,0.001742044562,0.2166370748,0.1111730658,0.4870583495,0.60310895,1.88026689,-978.556,0.0601175,17.0899,0.413969,-0.6906485
493,0.003117902155,0.104505576,0.2574728751,5.573191182,0.9242454203,2.80037322,-871.711,0.0150109,10.8858,0.0153592,-0.1870775
494,0.003584935848,1.306782919,0.2015275787,2.025546467,0.7295727126,1.91344383,-546.644,0.0361876,9.72821,0.0238639,-0.131875
495,0.001175335334,3.272473874,0.1940498588,9.849890042,0.2899312239,5.34755403,-4253.97,-0.057065,26.6538,-0.0026172,0.0995375
496,0.002153444156,0.764105488,0.3157285808,0.1149572161,0.2435713704,5.02299069,-2385.45,0.130411,16.185,0.742533,-0.5975015
497,0.001474841055,0.1437932035,0.2282793959,0.1005203304,0.1734233084,5.19239454,-3567.52,0.537076,23.6157,0.849035,-1.1795285
498,0.001890838285,2.743163178,0.2427784351,0.5723072137,0.2721354555,4.3967642,-2273.01,-0.0334761,17.6341,-0.148165,0.797866
499,0.001984328297,0.1063468847,0.3388146173,0.2477986571,0.1957037106,5.80687952,-2906.72,0.243759,17.4384,0.366596,-1.7004585
